latitude,longitude,bright_ti4,scan,track,acq_date,acq_time,satellite,instrument,confidence,version,bright_ti5,frp,daynight,type,source_product
15.94821,79.91605,336.47,0.69,0.74,2023-10-05,702,N20,VIIRS,n,2,294.22,6.32,D,0,VIIRS_NOAA20_SP
17.18026,81.34283,328.28,0.52,0.67,2023-10-05,702,N20,VIIRS,n,2,296.38,2.7,D,0,VIIRS_NOAA20_SP
19.23022,94.15108,334.09,0.4,0.37,2023-10-05,702,N20,VIIRS,n,2,295.69,7.03,D,0,VIIRS_NOAA20_SP
20.78726,85.26272,330.99,0.5,0.49,2023-10-05,703,N20,VIIRS,n,2,296.69,7.85,D,2,VIIRS_NOAA20_SP
20.7952,85.25623,340.53,0.5,0.49,2023-10-05,703,N20,VIIRS,n,2,296.25,9.33,D,2,VIIRS_NOAA20_SP
20.96078,85.1742,335.46,0.5,0.49,2023-10-05,703,N20,VIIRS,n,2,295.41,7.46,D,2,VIIRS_NOAA20_SP
20.96097,86.00648,328.77,0.44,0.46,2023-10-05,703,N20,VIIRS,n,2,295.46,2.96,D,2,VIIRS_NOAA20_SP
20.96254,86.01482,341.92,0.44,0.46,2023-10-05,703,N20,VIIRS,n,2,295.81,17.03,D,2,VIIRS_NOAA20_SP
20.96673,86.01385,342.13,0.44,0.46,2023-10-05,703,N20,VIIRS,n,2,295.62,17.03,D,2,VIIRS_NOAA20_SP
20.97053,85.17687,334.2,0.5,0.49,2023-10-05,703,N20,VIIRS,n,2,295.19,10.44,D,2,VIIRS_NOAA20_SP
21.19633,81.41687,329.94,0.43,0.62,2023-10-05,703,N20,VIIRS,n,2,301.04,1.94,D,2,VIIRS_NOAA20_SP
21.39053,81.64813,328.11,0.41,0.61,2023-10-05,703,N20,VIIRS,l,2,301.08,4.03,D,2,VIIRS_NOAA20_SP
21.67767,84.04102,328.57,0.57,0.52,2023-10-05,703,N20,VIIRS,n,2,294.83,7.22,D,2,VIIRS_NOAA20_SP
21.92237,83.35223,329.91,0.62,0.54,2023-10-05,703,N20,VIIRS,n,2,296.45,11.02,D,2,VIIRS_NOAA20_SP
24.71737,96.24105,329.03,0.55,0.43,2023-10-05,703,N20,VIIRS,n,2,290.91,3.92,D,0,VIIRS_NOAA20_SP
25.83564,78.54671,335.23,0.51,0.66,2023-10-05,704,N20,VIIRS,n,2,301.49,3.42,D,0,VIIRS_NOAA20_SP
26.3338,77.69497,332.7,0.56,0.69,2023-10-05,705,N20,VIIRS,n,2,304.71,1.96,D,0,VIIRS_NOAA20_SP
26.34874,77.70201,335.21,0.56,0.69,2023-10-05,705,N20,VIIRS,n,2,305.43,2.42,D,0,VIIRS_NOAA20_SP
26.48035,77.58793,331.55,0.56,0.69,2023-10-05,705,N20,VIIRS,n,2,304.26,2.27,D,0,VIIRS_NOAA20_SP
27.94387,77.58309,331.14,0.52,0.67,2023-10-05,705,N20,VIIRS,l,2,303.57,4.03,D,0,VIIRS_NOAA20_SP
27.95294,77.39001,330.88,0.54,0.67,2023-10-05,705,N20,VIIRS,n,2,303.85,3.33,D,0,VIIRS_NOAA20_SP
28.61558,80.01852,335.07,0.36,0.57,2023-10-05,705,N20,VIIRS,n,2,295.15,3.2,D,0,VIIRS_NOAA20_SP
29.67245,75.95293,331.06,0.59,0.7,2023-10-05,706,N20,VIIRS,n,2,302.45,2.85,D,0,VIIRS_NOAA20_SP
29.67641,75.95207,332.45,0.59,0.7,2023-10-05,706,N20,VIIRS,n,2,302.02,2.92,D,0,VIIRS_NOAA20_SP
30.07913,76.74403,340.36,0.52,0.67,2023-10-05,706,N20,VIIRS,n,2,303.95,4.98,D,0,VIIRS_NOAA20_SP
30.13327,76.00693,340.71,0.57,0.69,2023-10-05,706,N20,VIIRS,n,2,299.93,5.07,D,0,VIIRS_NOAA20_SP
30.18676,76.92764,333.28,0.5,0.66,2023-10-05,706,N20,VIIRS,n,2,303.14,3.81,D,0,VIIRS_NOAA20_SP
30.1883,77.07848,330.86,0.49,0.65,2023-10-05,706,N20,VIIRS,l,2,301.62,3.07,D,0,VIIRS_NOAA20_SP
30.19086,77.07921,330.93,0.49,0.65,2023-10-05,706,N20,VIIRS,l,2,301.46,2.71,D,0,VIIRS_NOAA20_SP
30.36333,77.39518,329.77,0.47,0.64,2023-10-05,706,N20,VIIRS,n,2,298.07,2.44,D,0,VIIRS_NOAA20_SP
30.36351,77.32574,330.63,0.47,0.64,2023-10-05,706,N20,VIIRS,n,2,299.89,3.12,D,0,VIIRS_NOAA20_SP
30.38942,76.0451,338.45,0.56,0.69,2023-10-05,706,N20,VIIRS,n,2,298.74,3.98,D,0,VIIRS_NOAA20_SP
30.40761,76.03872,329.63,0.56,0.69,2023-10-05,706,N20,VIIRS,n,2,299.78,3.8,D,0,VIIRS_NOAA20_SP
30.57615,76.32858,334.97,0.53,0.67,2023-10-05,706,N20,VIIRS,n,2,299.54,4.71,D,0,VIIRS_NOAA20_SP
30.7015,73.75194,331.43,0.74,0.76,2023-10-05,706,N20,VIIRS,n,2,299.96,4.6,D,0,VIIRS_NOAA20_SP
30.70213,73.75217,331.53,0.74,0.76,2023-10-05,706,N20,VIIRS,n,2,300.22,4.23,D,0,VIIRS_NOAA20_SP
31.02891,74.32182,330.71,0.67,0.74,2023-10-05,706,N20,VIIRS,n,2,300.08,3.32,D,0,VIIRS_NOAA20_SP
31.37148,75.09634,341.53,0.6,0.7,2023-10-05,706,N20,VIIRS,n,2,301.37,4.65,D,0,VIIRS_NOAA20_SP
31.38634,75.05112,332.72,0.6,0.71,2023-10-05,706,N20,VIIRS,n,2,301.48,4.95,D,0,VIIRS_NOAA20_SP
31.45809,75.18867,331.31,0.59,0.7,2023-10-05,706,N20,VIIRS,n,2,300.43,2.74,D,0,VIIRS_NOAA20_SP
31.46045,75.18737,334.08,0.59,0.7,2023-10-05,706,N20,VIIRS,n,2,301.29,4.09,D,0,VIIRS_NOAA20_SP
31.47472,75.01779,332.44,0.6,0.71,2023-10-05,706,N20,VIIRS,n,2,300.9,3.23,D,0,VIIRS_NOAA20_SP
31.51897,74.62801,330.28,0.63,0.72,2023-10-05,706,N20,VIIRS,n,2,299.02,4.02,D,0,VIIRS_NOAA20_SP
31.54663,75.15533,348.94,0.59,0.7,2023-10-05,706,N20,VIIRS,n,2,304.52,11.16,D,0,VIIRS_NOAA20_SP
31.54912,75.15572,367.0,0.59,0.7,2023-10-05,706,N20,VIIRS,h,2,303.57,12.66,D,0,VIIRS_NOAA20_SP
31.55767,75.04625,330.86,0.6,0.7,2023-10-05,706,N20,VIIRS,n,2,301.75,3.03,D,0,VIIRS_NOAA20_SP
31.60705,74.9963,344.07,0.6,0.7,2023-10-05,706,N20,VIIRS,n,2,302.75,6.71,D,0,VIIRS_NOAA20_SP
31.60888,74.99538,345.06,0.6,0.7,2023-10-05,706,N20,VIIRS,n,2,302.53,6.85,D,0,VIIRS_NOAA20_SP
31.66071,75.19188,330.69,0.58,0.7,2023-10-05,706,N20,VIIRS,l,2,301.74,4.68,D,0,VIIRS_NOAA20_SP
31.73051,75.01561,335.25,0.59,0.7,2023-10-05,706,N20,VIIRS,n,2,302.08,4.37,D,0,VIIRS_NOAA20_SP
31.73197,75.01336,333.35,0.59,0.7,2023-10-05,706,N20,VIIRS,n,2,302.1,4.21,D,0,VIIRS_NOAA20_SP
31.73667,75.01328,335.92,0.59,0.7,2023-10-05,706,N20,VIIRS,n,2,302.07,6.17,D,0,VIIRS_NOAA20_SP
31.73814,75.01106,342.59,0.59,0.7,2023-10-05,706,N20,VIIRS,n,2,302.23,5.2,D,0,VIIRS_NOAA20_SP
31.74361,75.05482,334.22,0.59,0.7,2023-10-05,706,N20,VIIRS,n,2,301.93,4.46,D,0,VIIRS_NOAA20_SP
31.74808,75.05492,331.81,0.59,0.7,2023-10-05,706,N20,VIIRS,n,2,302.19,2.34,D,0,VIIRS_NOAA20_SP
31.77157,75.15459,348.05,0.58,0.7,2023-10-05,706,N20,VIIRS,n,2,301.42,6.83,D,0,VIIRS_NOAA20_SP
31.77543,75.15495,341.37,0.58,0.7,2023-10-05,706,N20,VIIRS,n,2,300.44,8.22,D,0,VIIRS_NOAA20_SP
31.80597,74.9856,332.01,0.59,0.7,2023-10-05,706,N20,VIIRS,n,2,301.45,4.3,D,0,VIIRS_NOAA20_SP
31.84801,73.99837,330.62,0.67,0.74,2023-10-05,706,N20,VIIRS,n,2,299.84,4.91,D,0,VIIRS_NOAA20_SP
32.32655,73.92375,331.01,0.66,0.73,2023-10-05,707,N20,VIIRS,n,2,299.81,4.42,D,0,VIIRS_NOAA20_SP
32.5876,74.32082,354.93,0.61,0.71,2023-10-05,707,N20,VIIRS,n,2,303.08,11.75,D,0,VIIRS_NOAA20_SP
34.00974,77.76585,350.51,0.37,0.58,2023-10-05,707,N20,VIIRS,n,2,302.49,5.31,D,0,VIIRS_NOAA20_SP
8.87505,77.79031,341.9,0.62,0.54,2023-10-05,840,N20,VIIRS,n,2,291.45,5.71,D,0,VIIRS_NOAA20_SP
8.87548,77.78619,335.98,0.62,0.54,2023-10-05,840,N20,VIIRS,n,2,294.52,7.34,D,0,VIIRS_NOAA20_SP
9.04628,77.80823,331.65,0.63,0.54,2023-10-05,840,N20,VIIRS,n,2,294.06,4.4,D,0,VIIRS_NOAA20_SP
9.36772,80.6506,336.98,0.5,0.66,2023-10-05,840,N20,VIIRS,n,2,289.12,5.63,D,0,VIIRS_NOAA20_SP
9.70415,78.33519,336.8,0.35,0.57,2023-10-05,840,N20,VIIRS,n,2,294.48,1.07,D,0,VIIRS_NOAA20_SP
9.82024,77.40072,331.94,0.6,0.53,2023-10-05,840,N20,VIIRS,n,2,298.84,2.61,D,0,VIIRS_NOAA20_SP
9.9313,77.35454,331.95,0.6,0.53,2023-10-05,840,N20,VIIRS,n,2,298.5,3.58,D,0,VIIRS_NOAA20_SP
10.73153,77.59051,339.7,0.32,0.55,2023-10-05,841,N20,VIIRS,l,2,310.35,4.02,D,0,VIIRS_NOAA20_SP
10.73191,77.59348,345.81,0.32,0.55,2023-10-05,841,N20,VIIRS,n,2,309.23,4.02,D,0,VIIRS_NOAA20_SP
10.76488,78.79369,334.3,0.39,0.59,2023-10-05,841,N20,VIIRS,n,2,295.17,2.43,D,0,VIIRS_NOAA20_SP
10.81998,77.99742,333.26,0.34,0.56,2023-10-05,841,N20,VIIRS,n,2,300.35,2.12,D,0,VIIRS_NOAA20_SP
10.95066,77.4706,340.33,0.63,0.54,2023-10-05,841,N20,VIIRS,n,2,305.55,3.84,D,0,VIIRS_NOAA20_SP
11.26944,76.96355,337.29,0.59,0.53,2023-10-05,841,N20,VIIRS,n,2,301.86,3.52,D,0,VIIRS_NOAA20_SP
11.63742,77.01934,336.55,0.6,0.53,2023-10-05,841,N20,VIIRS,n,2,298.07,2.14,D,0,VIIRS_NOAA20_SP
12.24073,76.78609,337.17,0.59,0.53,2023-10-05,841,N20,VIIRS,n,2,301.99,8.43,D,0,VIIRS_NOAA20_SP
12.38248,79.11045,335.97,0.43,0.62,2023-10-05,841,N20,VIIRS,n,2,292.68,2.77,D,0,VIIRS_NOAA20_SP
13.45644,76.71266,339.54,0.61,0.53,2023-10-05,842,N20,VIIRS,n,2,296.01,3.63,D,0,VIIRS_NOAA20_SP
13.45965,76.7149,337.48,0.61,0.53,2023-10-05,842,N20,VIIRS,n,2,295.31,5.61,D,0,VIIRS_NOAA20_SP
15.1228,79.34455,330.92,0.48,0.65,2023-10-05,842,N20,VIIRS,n,2,293.37,3.26,D,0,VIIRS_NOAA20_SP
15.1255,79.34233,332.12,0.48,0.65,2023-10-05,842,N20,VIIRS,n,2,295.32,3.38,D,0,VIIRS_NOAA20_SP
15.95196,77.86411,330.19,0.39,0.6,2023-10-05,842,N20,VIIRS,n,2,295.72,2.26,D,0,VIIRS_NOAA20_SP
18.57985,74.34563,332.53,0.5,0.49,2023-10-05,843,N20,VIIRS,n,2,305.21,3.65,D,0,VIIRS_NOAA20_SP
18.58756,74.41202,331.01,0.5,0.49,2023-10-05,843,N20,VIIRS,n,2,303.26,3.59,D,0,VIIRS_NOAA20_SP
18.65589,73.81717,340.13,0.46,0.47,2023-10-05,843,N20,VIIRS,n,2,308.86,5.38,D,0,VIIRS_NOAA20_SP
18.68924,73.04259,336.69,0.41,0.45,2023-10-05,843,N20,VIIRS,n,2,303.85,6.13,D,2,VIIRS_NOAA20_SP
18.69191,73.0427,337.63,0.41,0.45,2023-10-05,843,N20,VIIRS,n,2,306.82,6.5,D,2,VIIRS_NOAA20_SP
18.82835,78.4835,331.55,0.47,0.64,2023-10-05,843,N20,VIIRS,l,2,301.84,3.93,D,0,VIIRS_NOAA20_SP
18.85676,72.92936,341.0,0.41,0.45,2023-10-05,843,N20,VIIRS,n,2,302.28,3.09,D,2,VIIRS_NOAA20_SP
18.97185,71.62291,330.83,0.52,0.41,2023-10-05,843,N20,VIIRS,n,2,297.98,2.13,D,3,VIIRS_NOAA20_SP
19.14687,73.99977,331.22,0.48,0.48,2023-10-05,843,N20,VIIRS,l,2,302.99,3.35,D,0,VIIRS_NOAA20_SP
19.34759,71.30653,333.0,0.5,0.41,2023-10-05,843,N20,VIIRS,n,2,297.51,3.46,D,3,VIIRS_NOAA20_SP
21.10046,72.63839,342.31,0.42,0.45,2023-10-05,844,N20,VIIRS,n,2,306.87,7.33,D,0,VIIRS_NOAA20_SP
21.1056,72.64591,343.6,0.42,0.45,2023-10-05,844,N20,VIIRS,n,2,307.96,7.14,D,2,VIIRS_NOAA20_SP
21.69066,72.60831,344.14,0.42,0.45,2023-10-05,844,N20,VIIRS,n,2,308.01,21.88,D,0,VIIRS_NOAA20_SP
21.69484,72.60776,338.75,0.42,0.45,2023-10-05,844,N20,VIIRS,l,2,309.66,21.88,D,0,VIIRS_NOAA20_SP
22.1539,75.8784,332.15,0.35,0.56,2023-10-05,844,N20,VIIRS,n,2,302.45,1.94,D,0,VIIRS_NOAA20_SP
22.18802,77.08246,333.43,0.41,0.61,2023-10-05,844,N20,VIIRS,n,2,303.05,1.81,D,0,VIIRS_NOAA20_SP
22.3283,76.98038,339.92,0.41,0.61,2023-10-05,844,N20,VIIRS,n,2,304.97,4.69,D,0,VIIRS_NOAA20_SP
22.32955,76.97938,340.91,0.41,0.61,2023-10-05,844,N20,VIIRS,n,2,304.92,3.75,D,0,VIIRS_NOAA20_SP
22.4276,77.13879,332.84,0.42,0.61,2023-10-05,844,N20,VIIRS,n,2,303.21,2.07,D,0,VIIRS_NOAA20_SP
22.50671,75.50257,334.16,0.33,0.55,2023-10-05,844,N20,VIIRS,n,2,303.0,1.33,D,0,VIIRS_NOAA20_SP
22.51151,75.49878,331.71,0.33,0.55,2023-10-05,844,N20,VIIRS,n,2,304.17,1.52,D,0,VIIRS_NOAA20_SP
22.52682,75.49712,340.45,0.33,0.55,2023-10-05,844,N20,VIIRS,n,2,307.14,2.16,D,0,VIIRS_NOAA20_SP
22.66247,70.7519,343.68,0.51,0.41,2023-10-05,844,N20,VIIRS,n,2,310.13,6.57,D,0,VIIRS_NOAA20_SP
22.74522,75.23946,340.1,0.32,0.55,2023-10-05,844,N20,VIIRS,n,2,305.13,2.27,D,0,VIIRS_NOAA20_SP
22.74948,75.33449,334.45,0.32,0.55,2023-10-05,844,N20,VIIRS,n,2,305.33,1.91,D,0,VIIRS_NOAA20_SP
22.76754,75.3102,331.39,0.32,0.55,2023-10-05,844,N20,VIIRS,l,2,306.06,1.14,D,0,VIIRS_NOAA20_SP
22.78908,75.22259,336.19,0.32,0.55,2023-10-05,844,N20,VIIRS,l,2,306.56,1.27,D,0,VIIRS_NOAA20_SP
22.78924,75.22198,335.84,0.32,0.55,2023-10-05,844,N20,VIIRS,n,2,306.65,3.19,D,0,VIIRS_NOAA20_SP
22.7949,75.22768,336.22,0.32,0.55,2023-10-05,844,N20,VIIRS,n,2,306.09,2.05,D,0,VIIRS_NOAA20_SP
22.86586,75.4893,336.68,0.33,0.56,2023-10-05,844,N20,VIIRS,n,2,304.11,1.74,D,0,VIIRS_NOAA20_SP
22.92067,75.51976,330.02,0.34,0.56,2023-10-05,844,N20,VIIRS,l,2,304.3,1.59,D,0,VIIRS_NOAA20_SP
22.96436,75.51692,332.48,0.34,0.56,2023-10-05,844,N20,VIIRS,n,2,305.87,1.8,D,0,VIIRS_NOAA20_SP
23.02802,76.38347,333.18,0.38,0.59,2023-10-05,844,N20,VIIRS,n,2,306.36,2.02,D,0,VIIRS_NOAA20_SP
23.03919,72.50172,331.98,0.43,0.46,2023-10-05,844,N20,VIIRS,n,2,306.07,2.25,D,0,VIIRS_NOAA20_SP
23.03933,72.50225,333.46,0.43,0.46,2023-10-05,844,N20,VIIRS,n,2,305.8,2.64,D,0,VIIRS_NOAA20_SP
23.08666,75.52022,330.58,0.34,0.56,2023-10-05,844,N20,VIIRS,l,2,302.86,1.19,D,0,VIIRS_NOAA20_SP
23.6726,76.29858,340.39,0.38,0.59,2023-10-05,844,N20,VIIRS,n,2,307.1,2.1,D,0,VIIRS_NOAA20_SP
23.60283,69.46682,344.28,0.46,0.39,2023-10-05,845,N20,VIIRS,n,2,309.25,5.59,D,0,VIIRS_NOAA20_SP
23.60641,69.46628,344.74,0.46,0.39,2023-10-05,845,N20,VIIRS,n,2,310.32,5.59,D,0,VIIRS_NOAA20_SP
24.69396,76.3872,336.0,0.4,0.6,2023-10-05,845,N20,VIIRS,l,2,309.33,2.1,D,0,VIIRS_NOAA20_SP
24.6944,76.38769,335.91,0.4,0.6,2023-10-05,845,N20,VIIRS,l,2,309.49,1.46,D,0,VIIRS_NOAA20_SP
24.7567,76.60582,336.89,0.41,0.61,2023-10-05,845,N20,VIIRS,n,2,308.25,2.77,D,0,VIIRS_NOAA20_SP
24.76048,76.51492,336.88,0.41,0.6,2023-10-05,845,N20,VIIRS,l,2,308.91,2.88,D,0,VIIRS_NOAA20_SP
24.8276,76.98223,337.0,0.44,0.62,2023-10-05,845,N20,VIIRS,n,2,303.71,2.98,D,0,VIIRS_NOAA20_SP
24.83397,76.39516,337.4,0.4,0.6,2023-10-05,845,N20,VIIRS,l,2,311.1,2.7,D,0,VIIRS_NOAA20_SP
25.05097,75.99957,338.98,0.38,0.59,2023-10-05,845,N20,VIIRS,n,2,311.93,3.85,D,0,VIIRS_NOAA20_SP
25.10728,76.2682,342.07,0.4,0.6,2023-10-05,845,N20,VIIRS,n,2,309.89,4.03,D,0,VIIRS_NOAA20_SP
25.10739,76.26855,342.48,0.4,0.6,2023-10-05,845,N20,VIIRS,n,2,310.31,3.65,D,0,VIIRS_NOAA20_SP
25.10743,76.34029,348.21,0.4,0.6,2023-10-05,845,N20,VIIRS,n,2,311.44,4.73,D,0,VIIRS_NOAA20_SP
25.10802,76.34049,349.49,0.4,0.6,2023-10-05,845,N20,VIIRS,n,2,311.07,4.47,D,0,VIIRS_NOAA20_SP
25.26146,76.24656,336.92,0.4,0.6,2023-10-05,845,N20,VIIRS,l,2,309.64,6.15,D,0,VIIRS_NOAA20_SP
25.2661,76.10324,336.25,0.39,0.59,2023-10-05,845,N20,VIIRS,l,2,310.64,3.21,D,0,VIIRS_NOAA20_SP
25.28124,76.41903,336.97,0.41,0.6,2023-10-05,845,N20,VIIRS,n,2,308.56,1.44,D,0,VIIRS_NOAA20_SP
25.3025,76.27084,338.16,0.4,0.6,2023-10-05,845,N20,VIIRS,l,2,309.84,5.11,D,0,VIIRS_NOAA20_SP
25.32299,76.39462,336.03,0.41,0.6,2023-10-05,845,N20,VIIRS,l,2,309.68,1.78,D,0,VIIRS_NOAA20_SP
25.32421,76.39464,335.98,0.41,0.6,2023-10-05,845,N20,VIIRS,l,2,309.65,1.4,D,0,VIIRS_NOAA20_SP
25.3269,76.49355,335.38,0.41,0.61,2023-10-05,845,N20,VIIRS,l,2,309.37,1.91,D,0,VIIRS_NOAA20_SP
25.32857,76.39405,336.59,0.41,0.6,2023-10-05,845,N20,VIIRS,l,2,309.2,1.78,D,0,VIIRS_NOAA20_SP
25.32915,76.25636,335.53,0.4,0.6,2023-10-05,845,N20,VIIRS,l,2,310.32,2.63,D,0,VIIRS_NOAA20_SP
25.32978,76.39411,336.44,0.41,0.6,2023-10-05,845,N20,VIIRS,l,2,309.52,2.71,D,0,VIIRS_NOAA20_SP
25.35056,76.38794,342.3,0.41,0.6,2023-10-05,845,N20,VIIRS,n,2,309.85,3.3,D,0,VIIRS_NOAA20_SP
25.37486,76.41028,336.3,0.41,0.6,2023-10-05,845,N20,VIIRS,l,2,308.73,2.58,D,0,VIIRS_NOAA20_SP
25.38869,76.44188,341.25,0.41,0.61,2023-10-05,845,N20,VIIRS,n,2,309.87,3.58,D,0,VIIRS_NOAA20_SP
25.41424,76.27639,340.45,0.4,0.6,2023-10-05,845,N20,VIIRS,l,2,311.11,2.05,D,0,VIIRS_NOAA20_SP
25.43057,76.41861,338.47,0.41,0.61,2023-10-05,845,N20,VIIRS,l,2,311.02,2.04,D,0,VIIRS_NOAA20_SP
25.43407,76.46408,338.96,0.41,0.61,2023-10-05,845,N20,VIIRS,l,2,309.42,4.49,D,0,VIIRS_NOAA20_SP
25.43558,76.46277,340.36,0.41,0.61,2023-10-05,845,N20,VIIRS,n,2,309.66,4.2,D,0,VIIRS_NOAA20_SP
25.45458,69.38518,336.47,0.47,0.4,2023-10-05,845,N20,VIIRS,n,2,306.9,2.74,D,0,VIIRS_NOAA20_SP
25.455,69.38671,337.31,0.47,0.4,2023-10-05,845,N20,VIIRS,n,2,307.59,2.45,D,0,VIIRS_NOAA20_SP
25.4605,76.44083,336.39,0.41,0.61,2023-10-05,845,N20,VIIRS,l,2,308.4,4.52,D,0,VIIRS_NOAA20_SP
25.46774,76.46107,335.31,0.41,0.61,2023-10-05,845,N20,VIIRS,l,2,308.88,2.73,D,0,VIIRS_NOAA20_SP
25.46807,76.4652,338.45,0.41,0.61,2023-10-05,845,N20,VIIRS,n,2,308.62,2.73,D,0,VIIRS_NOAA20_SP
25.47831,76.45181,336.51,0.41,0.61,2023-10-05,845,N20,VIIRS,l,2,308.25,2.76,D,0,VIIRS_NOAA20_SP
25.49413,76.43787,339.69,0.41,0.61,2023-10-05,845,N20,VIIRS,n,2,309.82,3.27,D,0,VIIRS_NOAA20_SP
25.57375,76.32548,335.19,0.4,0.6,2023-10-05,845,N20,VIIRS,l,2,307.05,3.12,D,0,VIIRS_NOAA20_SP
25.64267,69.22705,335.45,0.47,0.39,2023-10-05,845,N20,VIIRS,n,2,306.64,2.09,D,0,VIIRS_NOAA20_SP
25.80964,72.62478,344.06,0.48,0.48,2023-10-05,845,N20,VIIRS,n,2,313.26,4.64,D,0,VIIRS_NOAA20_SP
25.96014,76.62583,352.77,0.43,0.62,2023-10-05,845,N20,VIIRS,n,2,307.38,4.63,D,0,VIIRS_NOAA20_SP
25.97599,68.80412,334.62,0.45,0.39,2023-10-05,845,N20,VIIRS,n,2,305.79,1.17,D,0,VIIRS_NOAA20_SP
25.98808,68.67467,335.63,0.45,0.39,2023-10-05,845,N20,VIIRS,n,2,307.29,1.38,D,0,VIIRS_NOAA20_SP
26.26009,73.65609,337.4,0.56,0.51,2023-10-05,845,N20,VIIRS,l,2,311.38,2.08,D,0,VIIRS_NOAA20_SP
26.27381,77.55576,337.97,0.49,0.65,2023-10-05,845,N20,VIIRS,n,2,307.11,3.24,D,0,VIIRS_NOAA20_SP
26.27801,77.55415,338.95,0.49,0.65,2023-10-05,845,N20,VIIRS,n,2,306.62,2.56,D,0,VIIRS_NOAA20_SP
26.30762,77.51807,332.38,0.49,0.65,2023-10-05,845,N20,VIIRS,l,2,307.0,1.6,D,0,VIIRS_NOAA20_SP
26.37081,77.72099,334.89,0.5,0.66,2023-10-05,845,N20,VIIRS,n,2,304.43,1.68,D,0,VIIRS_NOAA20_SP
26.37151,77.71921,330.38,0.5,0.66,2023-10-05,845,N20,VIIRS,l,2,304.05,2.16,D,0,VIIRS_NOAA20_SP
26.40284,77.73924,332.61,0.51,0.66,2023-10-05,845,N20,VIIRS,l,2,305.88,2.5,D,0,VIIRS_NOAA20_SP
26.40341,77.73737,339.7,0.51,0.66,2023-10-05,845,N20,VIIRS,n,2,306.83,2.1,D,0,VIIRS_NOAA20_SP
26.74035,68.47713,341.89,0.44,0.39,2023-10-05,845,N20,VIIRS,l,2,315.06,9.74,D,0,VIIRS_NOAA20_SP
27.42137,70.50611,339.92,0.56,0.43,2023-10-05,846,N20,VIIRS,l,2,314.79,3.6,D,0,VIIRS_NOAA20_SP
27.90475,77.4724,347.46,0.5,0.66,2023-10-05,846,N20,VIIRS,n,2,305.56,7.81,D,0,VIIRS_NOAA20_SP
27.90509,77.4776,350.48,0.5,0.66,2023-10-05,846,N20,VIIRS,n,2,302.36,7.81,D,0,VIIRS_NOAA20_SP
27.92445,77.492,346.4,0.5,0.66,2023-10-05,846,N20,VIIRS,n,2,306.31,6.03,D,0,VIIRS_NOAA20_SP
27.925,77.4939,331.97,0.51,0.66,2023-10-05,846,N20,VIIRS,l,2,306.14,5.28,D,0,VIIRS_NOAA20_SP
27.97757,77.64859,330.56,0.52,0.67,2023-10-05,846,N20,VIIRS,n,2,305.11,2.85,D,0,VIIRS_NOAA20_SP
27.99499,77.43635,336.72,0.5,0.66,2023-10-05,846,N20,VIIRS,n,2,303.47,4.74,D,0,VIIRS_NOAA20_SP
28.30821,76.95223,332.29,0.47,0.64,2023-10-05,846,N20,VIIRS,n,2,305.92,2.37,D,0,VIIRS_NOAA20_SP
29.07668,68.81392,343.36,0.48,0.4,2023-10-05,846,N20,VIIRS,l,2,316.82,3.61,D,0,VIIRS_NOAA20_SP
29.08113,75.67374,332.25,0.4,0.6,2023-10-05,846,N20,VIIRS,n,2,306.43,1.58,D,0,VIIRS_NOAA20_SP
29.23524,70.30619,334.07,0.39,0.44,2023-10-05,846,N20,VIIRS,l,2,308.36,1.46,D,0,VIIRS_NOAA20_SP
29.41467,70.67123,341.76,0.41,0.45,2023-10-05,846,N20,VIIRS,n,2,310.4,12.26,D,0,VIIRS_NOAA20_SP
29.43333,71.09247,335.39,0.43,0.46,2023-10-05,846,N20,VIIRS,n,2,309.97,2.14,D,0,VIIRS_NOAA20_SP
29.47443,75.96803,332.88,0.42,0.61,2023-10-05,846,N20,VIIRS,l,2,304.57,3.99,D,0,VIIRS_NOAA20_SP
29.49054,76.11864,367.0,0.43,0.62,2023-10-05,846,N20,VIIRS,h,2,301.78,10.2,D,0,VIIRS_NOAA20_SP
29.49197,75.51303,367.0,0.4,0.6,2023-10-05,846,N20,VIIRS,h,2,305.95,6.81,D,0,VIIRS_NOAA20_SP
29.49212,75.51308,367.0,0.4,0.6,2023-10-05,846,N20,VIIRS,h,2,306.17,6.96,D,0,VIIRS_NOAA20_SP
29.58913,74.5272,350.64,0.35,0.56,2023-10-05,846,N20,VIIRS,n,2,306.96,3.53,D,0,VIIRS_NOAA20_SP
29.59058,74.35192,336.2,0.34,0.56,2023-10-05,846,N20,VIIRS,n,2,303.11,3.16,D,0,VIIRS_NOAA20_SP
29.6374,75.93695,331.15,0.42,0.61,2023-10-05,846,N20,VIIRS,n,2,302.11,2.12,D,0,VIIRS_NOAA20_SP
29.64029,75.93717,330.23,0.42,0.61,2023-10-05,846,N20,VIIRS,n,2,301.1,1.94,D,0,VIIRS_NOAA20_SP
29.66724,75.87276,354.72,0.42,0.61,2023-10-05,846,N20,VIIRS,n,2,307.55,15.97,D,0,VIIRS_NOAA20_SP
29.71832,76.20112,333.56,0.44,0.62,2023-10-05,846,N20,VIIRS,n,2,301.31,1.86,D,0,VIIRS_NOAA20_SP
29.8292,69.91181,345.12,0.56,0.43,2023-10-05,846,N20,VIIRS,n,2,312.63,6.54,D,0,VIIRS_NOAA20_SP
29.90726,74.9531,340.39,0.37,0.58,2023-10-05,846,N20,VIIRS,n,2,309.57,3.03,D,2,VIIRS_NOAA20_SP
29.94771,72.43301,339.93,0.52,0.5,2023-10-05,846,N20,VIIRS,n,2,304.22,8.05,D,0,VIIRS_NOAA20_SP
29.96362,71.33166,336.33,0.45,0.47,2023-10-05,846,N20,VIIRS,n,2,305.71,1.85,D,0,VIIRS_NOAA20_SP
29.96551,71.30785,331.7,0.45,0.47,2023-10-05,846,N20,VIIRS,l,2,306.47,2.37,D,0,VIIRS_NOAA20_SP
29.97807,71.32169,331.5,0.45,0.47,2023-10-05,846,N20,VIIRS,l,2,304.15,2.14,D,0,VIIRS_NOAA20_SP
29.97984,71.32014,340.77,0.45,0.47,2023-10-05,846,N20,VIIRS,n,2,305.23,2.53,D,0,VIIRS_NOAA20_SP
30.00076,70.06377,332.88,0.57,0.43,2023-10-05,846,N20,VIIRS,n,2,307.32,3.74,D,0,VIIRS_NOAA20_SP
30.08108,76.74545,333.04,0.48,0.64,2023-10-05,846,N20,VIIRS,n,2,303.13,2.09,D,0,VIIRS_NOAA20_SP
30.09557,75.89059,346.26,0.42,0.61,2023-10-05,846,N20,VIIRS,n,2,299.98,3.9,D,0,VIIRS_NOAA20_SP
30.13121,71.30383,335.75,0.45,0.47,2023-10-05,846,N20,VIIRS,n,2,307.9,2.91,D,0,VIIRS_NOAA20_SP
30.14927,77.03652,332.13,0.5,0.66,2023-10-05,846,N20,VIIRS,n,2,302.94,2.96,D,0,VIIRS_NOAA20_SP
30.19003,76.26218,339.61,0.45,0.63,2023-10-05,846,N20,VIIRS,n,2,301.11,4.17,D,0,VIIRS_NOAA20_SP
30.19015,76.26352,343.11,0.45,0.63,2023-10-05,846,N20,VIIRS,n,2,301.66,4.11,D,0,VIIRS_NOAA20_SP
30.19124,76.92425,367.0,0.49,0.65,2023-10-05,846,N20,VIIRS,h,2,303.34,9.08,D,0,VIIRS_NOAA20_SP
30.20634,71.6137,341.51,0.47,0.48,2023-10-05,846,N20,VIIRS,n,2,308.33,7.03,D,0,VIIRS_NOAA20_SP
30.2447,77.31332,330.44,0.52,0.67,2023-10-05,846,N20,VIIRS,n,2,299.64,3.75,D,0,VIIRS_NOAA20_SP
30.24539,77.31368,331.65,0.52,0.67,2023-10-05,846,N20,VIIRS,n,2,299.71,3.84,D,0,VIIRS_NOAA20_SP
30.28501,76.19839,333.27,0.44,0.63,2023-10-05,846,N20,VIIRS,n,2,302.51,2.44,D,0,VIIRS_NOAA20_SP
30.29087,76.83918,330.22,0.48,0.65,2023-10-05,846,N20,VIIRS,n,2,303.41,2.86,D,0,VIIRS_NOAA20_SP
30.36567,70.66365,341.39,0.42,0.45,2023-10-05,846,N20,VIIRS,n,2,311.57,4.83,D,0,VIIRS_NOAA20_SP
30.38236,76.61865,330.36,0.47,0.64,2023-10-05,846,N20,VIIRS,n,2,301.53,4.11,D,0,VIIRS_NOAA20_SP
30.39845,73.30638,343.81,0.59,0.53,2023-10-05,846,N20,VIIRS,n,2,307.12,8.19,D,0,VIIRS_NOAA20_SP
30.42655,73.34747,342.24,0.6,0.53,2023-10-05,846,N20,VIIRS,n,2,306.61,5.12,D,0,VIIRS_NOAA20_SP
30.44345,73.79755,350.25,0.32,0.54,2023-10-05,846,N20,VIIRS,n,2,315.61,16.52,D,0,VIIRS_NOAA20_SP
30.44372,73.8009,352.62,0.32,0.54,2023-10-05,846,N20,VIIRS,n,2,309.66,12.1,D,0,VIIRS_NOAA20_SP
30.46183,75.83645,331.79,0.42,0.61,2023-10-05,846,N20,VIIRS,n,2,299.31,1.84,D,0,VIIRS_NOAA20_SP
30.47714,73.96458,331.42,0.33,0.55,2023-10-05,846,N20,VIIRS,n,2,305.4,1.46,D,0,VIIRS_NOAA20_SP
30.4909,73.57859,345.94,0.62,0.54,2023-10-05,846,N20,VIIRS,n,2,308.68,13.24,D,0,VIIRS_NOAA20_SP
30.4918,73.57629,340.29,0.62,0.54,2023-10-05,846,N20,VIIRS,n,2,307.26,7.71,D,0,VIIRS_NOAA20_SP
30.49231,73.58278,333.63,0.62,0.54,2023-10-05,846,N20,VIIRS,n,2,306.41,7.71,D,0,VIIRS_NOAA20_SP
30.51444,76.71907,336.16,0.48,0.65,2023-10-05,846,N20,VIIRS,n,2,301.99,2.87,D,0,VIIRS_NOAA20_SP
30.51729,76.71572,330.32,0.48,0.65,2023-10-05,846,N20,VIIRS,l,2,303.19,5.04,D,0,VIIRS_NOAA20_SP
30.5316,73.82705,339.05,0.32,0.55,2023-10-05,846,N20,VIIRS,n,2,304.8,1.78,D,0,VIIRS_NOAA20_SP
30.54355,73.78522,353.85,0.32,0.54,2023-10-05,846,N20,VIIRS,n,2,304.02,4.09,D,0,VIIRS_NOAA20_SP
30.5537,73.72202,330.1,0.63,0.54,2023-10-05,846,N20,VIIRS,l,2,301.79,5.98,D,0,VIIRS_NOAA20_SP
30.55871,73.7215,332.11,0.63,0.54,2023-10-05,846,N20,VIIRS,l,2,305.61,5.98,D,0,VIIRS_NOAA20_SP
30.56372,73.72099,330.42,0.63,0.54,2023-10-05,846,N20,VIIRS,l,2,304.3,3.54,D,0,VIIRS_NOAA20_SP
30.60047,73.73733,334.71,0.63,0.54,2023-10-05,846,N20,VIIRS,l,2,306.84,4.6,D,0,VIIRS_NOAA20_SP
30.60158,76.76875,332.65,0.48,0.65,2023-10-05,846,N20,VIIRS,n,2,302.68,2.34,D,0,VIIRS_NOAA20_SP
30.61584,73.98682,340.27,0.33,0.55,2023-10-05,846,N20,VIIRS,n,2,307.28,2.34,D,0,VIIRS_NOAA20_SP
30.61819,73.58096,334.44,0.62,0.54,2023-10-05,846,N20,VIIRS,n,2,308.08,4.29,D,0,VIIRS_NOAA20_SP
30.61847,73.8318,335.8,0.32,0.55,2023-10-05,846,N20,VIIRS,n,2,302.73,2.67,D,0,VIIRS_NOAA20_SP
30.61876,73.83518,334.27,0.32,0.55,2023-10-05,846,N20,VIIRS,n,2,302.46,3.26,D,0,VIIRS_NOAA20_SP
30.63511,74.29406,367.0,0.34,0.56,2023-10-05,846,N20,VIIRS,h,2,302.1,5.0,D,0,VIIRS_NOAA20_SP
30.64417,72.84671,342.45,0.56,0.52,2023-10-05,846,N20,VIIRS,n,2,303.96,6.16,D,0,VIIRS_NOAA20_SP
30.64488,72.84527,341.42,0.56,0.52,2023-10-05,846,N20,VIIRS,n,2,304.18,7.68,D,0,VIIRS_NOAA20_SP
30.64555,73.86511,347.45,0.32,0.55,2023-10-05,846,N20,VIIRS,n,2,303.77,2.95,D,0,VIIRS_NOAA20_SP
30.67759,73.94802,335.81,0.33,0.55,2023-10-05,846,N20,VIIRS,n,2,307.22,4.14,D,0,VIIRS_NOAA20_SP
30.67786,73.95145,338.8,0.33,0.55,2023-10-05,846,N20,VIIRS,n,2,304.66,3.91,D,0,VIIRS_NOAA20_SP
30.71691,73.92673,353.14,0.33,0.55,2023-10-05,846,N20,VIIRS,n,2,308.24,8.97,D,0,VIIRS_NOAA20_SP
30.71719,73.93018,346.25,0.33,0.55,2023-10-05,846,N20,VIIRS,n,2,303.2,8.97,D,0,VIIRS_NOAA20_SP
30.73335,73.76035,331.56,0.32,0.55,2023-10-05,846,N20,VIIRS,n,2,303.42,1.72,D,0,VIIRS_NOAA20_SP
30.74522,73.9827,337.18,0.33,0.55,2023-10-05,846,N20,VIIRS,n,2,304.26,2.38,D,0,VIIRS_NOAA20_SP
30.74715,73.9828,339.22,0.33,0.55,2023-10-05,846,N20,VIIRS,n,2,303.38,2.55,D,0,VIIRS_NOAA20_SP
30.75242,74.30718,342.15,0.34,0.56,2023-10-05,846,N20,VIIRS,n,2,301.03,3.87,D,0,VIIRS_NOAA20_SP
30.75271,74.31081,344.67,0.34,0.56,2023-10-05,846,N20,VIIRS,n,2,299.86,3.87,D,0,VIIRS_NOAA20_SP
30.75791,74.31031,338.75,0.34,0.56,2023-10-05,846,N20,VIIRS,n,2,300.48,6.19,D,0,VIIRS_NOAA20_SP
30.76073,73.65829,332.62,0.63,0.54,2023-10-05,846,N20,VIIRS,l,2,305.04,4.87,D,0,VIIRS_NOAA20_SP
30.7792,73.76241,334.51,0.32,0.55,2023-10-05,846,N20,VIIRS,l,2,306.23,3.31,D,0,VIIRS_NOAA20_SP
30.78119,73.91644,330.81,0.33,0.55,2023-10-05,846,N20,VIIRS,n,2,302.38,2.36,D,0,VIIRS_NOAA20_SP
30.78208,73.73504,339.86,0.32,0.54,2023-10-05,846,N20,VIIRS,n,2,306.62,2.79,D,0,VIIRS_NOAA20_SP
30.78711,73.73453,335.06,0.32,0.54,2023-10-05,846,N20,VIIRS,n,2,303.99,2.36,D,0,VIIRS_NOAA20_SP
30.79662,73.72681,338.33,0.32,0.54,2023-10-05,846,N20,VIIRS,n,2,305.94,3.83,D,0,VIIRS_NOAA20_SP
30.80225,74.32806,350.94,0.35,0.56,2023-10-05,846,N20,VIIRS,n,2,302.11,5.0,D,0,VIIRS_NOAA20_SP
30.80854,73.938,333.56,0.33,0.55,2023-10-05,846,N20,VIIRS,n,2,302.14,3.41,D,0,VIIRS_NOAA20_SP
30.8106,73.89963,330.29,0.33,0.55,2023-10-05,846,N20,VIIRS,l,2,305.12,2.19,D,0,VIIRS_NOAA20_SP
30.82195,73.85023,333.44,0.32,0.55,2023-10-05,846,N20,VIIRS,n,2,304.95,1.67,D,0,VIIRS_NOAA20_SP
30.82233,74.11263,355.61,0.34,0.56,2023-10-05,846,N20,VIIRS,n,2,306.62,6.18,D,0,VIIRS_NOAA20_SP
30.82261,74.11618,350.06,0.34,0.56,2023-10-05,846,N20,VIIRS,n,2,302.96,6.18,D,0,VIIRS_NOAA20_SP
30.83545,73.89025,341.17,0.33,0.55,2023-10-05,846,N20,VIIRS,n,2,305.14,5.21,D,0,VIIRS_NOAA20_SP
30.83573,73.89367,367.0,0.33,0.55,2023-10-05,846,N20,VIIRS,h,2,304.97,6.23,D,0,VIIRS_NOAA20_SP
30.84178,73.53543,331.26,0.62,0.54,2023-10-05,846,N20,VIIRS,l,2,305.58,6.62,D,0,VIIRS_NOAA20_SP
30.8423,73.54197,342.24,0.62,0.54,2023-10-05,846,N20,VIIRS,n,2,305.99,8.24,D,0,VIIRS_NOAA20_SP
30.84519,73.90533,333.27,0.33,0.55,2023-10-05,846,N20,VIIRS,l,2,304.42,3.26,D,0,VIIRS_NOAA20_SP
30.84636,73.85335,336.81,0.32,0.55,2023-10-05,846,N20,VIIRS,n,2,302.77,2.29,D,0,VIIRS_NOAA20_SP
30.84702,73.90639,339.64,0.33,0.55,2023-10-05,846,N20,VIIRS,n,2,303.57,2.83,D,0,VIIRS_NOAA20_SP
30.85388,73.81824,332.09,0.32,0.55,2023-10-05,846,N20,VIIRS,n,2,304.17,1.27,D,0,VIIRS_NOAA20_SP
30.85553,70.72581,342.83,0.42,0.46,2023-10-05,846,N20,VIIRS,n,2,311.2,10.73,D,0,VIIRS_NOAA20_SP
30.884,73.94316,339.29,0.33,0.55,2023-10-05,846,N20,VIIRS,n,2,303.35,3.72,D,0,VIIRS_NOAA20_SP
30.95378,74.17409,339.78,0.34,0.56,2023-10-05,846,N20,VIIRS,n,2,304.65,5.13,D,0,VIIRS_NOAA20_SP
30.97047,74.12212,339.66,0.34,0.56,2023-10-05,846,N20,VIIRS,n,2,303.13,3.03,D,0,VIIRS_NOAA20_SP
31.01813,74.17513,331.01,0.34,0.56,2023-10-05,846,N20,VIIRS,l,2,302.43,3.1,D,0,VIIRS_NOAA20_SP
31.0423,74.42721,336.11,0.35,0.57,2023-10-05,846,N20,VIIRS,n,2,302.88,1.72,D,0,VIIRS_NOAA20_SP
31.06232,74.5541,333.41,0.36,0.57,2023-10-05,846,N20,VIIRS,n,2,301.5,3.29,D,0,VIIRS_NOAA20_SP
31.06366,74.29131,367.0,0.35,0.56,2023-10-05,846,N20,VIIRS,h,2,304.76,6.18,D,0,VIIRS_NOAA20_SP
31.0679,74.34637,344.21,0.35,0.57,2023-10-05,846,N20,VIIRS,n,2,305.85,3.13,D,0,VIIRS_NOAA20_SP
31.09268,73.90144,330.88,0.33,0.55,2023-10-05,846,N20,VIIRS,n,2,304.08,0.85,D,0,VIIRS_NOAA20_SP
31.109,74.55097,351.04,0.36,0.57,2023-10-05,846,N20,VIIRS,n,2,301.54,7.39,D,0,VIIRS_NOAA20_SP
31.11,74.54958,349.47,0.36,0.57,2023-10-05,846,N20,VIIRS,n,2,304.11,6.51,D,0,VIIRS_NOAA20_SP
31.15079,75.2552,334.18,0.4,0.6,2023-10-05,846,N20,VIIRS,n,2,300.13,2.11,D,0,VIIRS_NOAA20_SP
31.15123,75.2572,331.37,0.4,0.6,2023-10-05,846,N20,VIIRS,n,2,299.89,2.5,D,0,VIIRS_NOAA20_SP
31.21869,75.11121,333.21,0.39,0.59,2023-10-05,846,N20,VIIRS,n,2,299.75,1.76,D,0,VIIRS_NOAA20_SP
31.27878,75.17401,335.4,0.39,0.6,2023-10-05,847,N20,VIIRS,n,2,301.81,2.64,D,0,VIIRS_NOAA20_SP
31.3071,75.02176,334.56,0.39,0.59,2023-10-05,847,N20,VIIRS,n,2,300.86,3.45,D,0,VIIRS_NOAA20_SP
31.33987,75.01892,355.67,0.39,0.59,2023-10-05,847,N20,VIIRS,n,2,302.99,9.03,D,0,VIIRS_NOAA20_SP
31.35664,74.53548,333.42,0.36,0.57,2023-10-05,847,N20,VIIRS,n,2,302.57,2.35,D,0,VIIRS_NOAA20_SP
31.35982,75.30279,367.0,0.4,0.6,2023-10-05,847,N20,VIIRS,h,2,303.09,11.15,D,0,VIIRS_NOAA20_SP
31.37047,75.0617,339.0,0.39,0.59,2023-10-05,847,N20,VIIRS,n,2,301.0,4.22,D,0,VIIRS_NOAA20_SP
31.37116,75.06151,333.94,0.39,0.59,2023-10-05,847,N20,VIIRS,n,2,300.73,4.2,D,0,VIIRS_NOAA20_SP
31.38759,75.06008,340.73,0.39,0.59,2023-10-05,847,N20,VIIRS,n,2,302.42,4.17,D,0,VIIRS_NOAA20_SP
31.40909,75.13327,350.38,0.39,0.59,2023-10-05,847,N20,VIIRS,n,2,303.74,7.95,D,0,VIIRS_NOAA20_SP
31.40938,75.13745,346.82,0.39,0.59,2023-10-05,847,N20,VIIRS,n,2,300.99,7.09,D,0,VIIRS_NOAA20_SP
31.41624,74.84107,367.0,0.38,0.58,2023-10-05,847,N20,VIIRS,h,2,300.54,8.26,D,0,VIIRS_NOAA20_SP
31.42446,75.1152,345.82,0.39,0.59,2023-10-05,847,N20,VIIRS,n,2,303.92,6.82,D,0,VIIRS_NOAA20_SP
31.42474,75.11935,333.38,0.39,0.59,2023-10-05,847,N20,VIIRS,n,2,302.0,4.96,D,0,VIIRS_NOAA20_SP
31.43229,75.06865,339.86,0.39,0.59,2023-10-05,847,N20,VIIRS,n,2,301.44,3.16,D,0,VIIRS_NOAA20_SP
31.47011,74.56821,333.74,0.36,0.58,2023-10-05,847,N20,VIIRS,l,2,303.99,4.23,D,0,VIIRS_NOAA20_SP
31.47723,75.48004,344.21,0.41,0.61,2023-10-05,847,N20,VIIRS,n,2,303.65,7.93,D,0,VIIRS_NOAA20_SP
31.47752,75.48441,347.24,0.41,0.61,2023-10-05,847,N20,VIIRS,n,2,299.73,7.95,D,0,VIIRS_NOAA20_SP
31.47925,75.59518,338.79,0.42,0.61,2023-10-05,847,N20,VIIRS,n,2,302.37,3.4,D,0,VIIRS_NOAA20_SP
31.48442,75.09467,341.85,0.39,0.59,2023-10-05,847,N20,VIIRS,n,2,301.83,3.61,D,0,VIIRS_NOAA20_SP
31.53996,75.09827,330.81,0.39,0.59,2023-10-05,847,N20,VIIRS,n,2,301.3,2.41,D,0,VIIRS_NOAA20_SP
31.54542,75.17776,353.95,0.4,0.6,2023-10-05,847,N20,VIIRS,n,2,304.97,5.11,D,0,VIIRS_NOAA20_SP
31.5457,75.18199,330.27,0.4,0.6,2023-10-05,847,N20,VIIRS,n,2,302.27,5.11,D,0,VIIRS_NOAA20_SP
31.54921,75.0724,367.0,0.39,0.59,2023-10-05,847,N20,VIIRS,h,2,305.83,16.42,D,0,VIIRS_NOAA20_SP
31.55325,74.8219,332.61,0.38,0.58,2023-10-05,847,N20,VIIRS,n,2,301.84,2.93,D,0,VIIRS_NOAA20_SP
31.55471,74.84192,332.09,0.38,0.59,2023-10-05,847,N20,VIIRS,n,2,303.36,2.98,D,0,VIIRS_NOAA20_SP
31.55524,74.82147,333.49,0.38,0.59,2023-10-05,847,N20,VIIRS,n,2,300.92,1.56,D,0,VIIRS_NOAA20_SP
31.56657,75.08346,352.07,0.39,0.59,2023-10-05,847,N20,VIIRS,n,2,303.24,5.06,D,0,VIIRS_NOAA20_SP
31.5669,75.08344,346.92,0.39,0.59,2023-10-05,847,N20,VIIRS,n,2,302.58,4.17,D,0,VIIRS_NOAA20_SP
31.57847,74.76308,367.0,0.37,0.58,2023-10-05,847,N20,VIIRS,h,2,303.02,7.11,D,0,VIIRS_NOAA20_SP
31.58746,75.14471,345.39,0.39,0.6,2023-10-05,847,N20,VIIRS,n,2,302.41,5.34,D,0,VIIRS_NOAA20_SP
31.58752,75.1447,348.72,0.39,0.6,2023-10-05,847,N20,VIIRS,n,2,302.87,4.99,D,0,VIIRS_NOAA20_SP
31.58953,74.76612,341.1,0.37,0.58,2023-10-05,847,N20,VIIRS,n,2,302.68,4.85,D,0,VIIRS_NOAA20_SP
31.59377,73.96626,334.16,0.34,0.56,2023-10-05,847,N20,VIIRS,n,2,300.71,2.25,D,0,VIIRS_NOAA20_SP
31.59483,74.61101,330.84,0.37,0.58,2023-10-05,847,N20,VIIRS,n,2,302.5,3.12,D,0,VIIRS_NOAA20_SP
31.59594,73.96417,344.98,0.34,0.56,2023-10-05,847,N20,VIIRS,n,2,301.72,3.47,D,0,VIIRS_NOAA20_SP
31.61561,75.15075,353.67,0.39,0.6,2023-10-05,847,N20,VIIRS,n,2,303.72,9.14,D,0,VIIRS_NOAA20_SP
31.61735,73.63553,333.86,0.32,0.55,2023-10-05,847,N20,VIIRS,n,2,303.5,2.43,D,0,VIIRS_NOAA20_SP
31.61945,75.12509,330.42,0.39,0.6,2023-10-05,847,N20,VIIRS,l,2,303.77,2.63,D,0,VIIRS_NOAA20_SP
31.6237,75.02428,353.1,0.39,0.59,2023-10-05,847,N20,VIIRS,n,2,306.69,5.28,D,0,VIIRS_NOAA20_SP
31.64634,74.52691,331.28,0.36,0.58,2023-10-05,847,N20,VIIRS,n,2,301.25,1.36,D,0,VIIRS_NOAA20_SP
31.64792,74.97661,330.48,0.39,0.59,2023-10-05,847,N20,VIIRS,l,2,302.54,1.01,D,0,VIIRS_NOAA20_SP
31.65599,73.86895,330.17,0.33,0.55,2023-10-05,847,N20,VIIRS,l,2,302.38,1.72,D,0,VIIRS_NOAA20_SP
31.65887,74.553,341.45,0.36,0.58,2023-10-05,847,N20,VIIRS,n,2,300.85,3.44,D,0,VIIRS_NOAA20_SP
31.67159,75.158,341.82,0.4,0.6,2023-10-05,847,N20,VIIRS,n,2,303.37,5.82,D,0,VIIRS_NOAA20_SP
31.67169,75.15874,345.47,0.4,0.6,2023-10-05,847,N20,VIIRS,n,2,303.94,5.33,D,0,VIIRS_NOAA20_SP
31.672,75.244,331.93,0.4,0.6,2023-10-05,847,N20,VIIRS,n,2,302.51,2.31,D,0,VIIRS_NOAA20_SP
31.68151,74.9686,334.23,0.39,0.59,2023-10-05,847,N20,VIIRS,l,2,306.08,2.88,D,0,VIIRS_NOAA20_SP
31.68246,75.24246,335.39,0.4,0.6,2023-10-05,847,N20,VIIRS,n,2,300.41,3.39,D,0,VIIRS_NOAA20_SP
31.6831,75.24309,331.73,0.4,0.6,2023-10-05,847,N20,VIIRS,n,2,300.59,3.1,D,0,VIIRS_NOAA20_SP
31.68518,73.53683,342.8,0.63,0.54,2023-10-05,847,N20,VIIRS,n,2,305.9,9.29,D,0,VIIRS_NOAA20_SP
31.68558,73.53822,341.1,0.63,0.54,2023-10-05,847,N20,VIIRS,n,2,304.78,14.03,D,0,VIIRS_NOAA20_SP
31.69701,70.78951,336.04,0.44,0.46,2023-10-05,847,N20,VIIRS,n,2,308.55,3.19,D,0,VIIRS_NOAA20_SP
31.6984,70.80345,342.4,0.44,0.46,2023-10-05,847,N20,VIIRS,n,2,309.57,5.83,D,0,VIIRS_NOAA20_SP
31.69867,73.08141,340.9,0.6,0.53,2023-10-05,847,N20,VIIRS,n,2,305.39,9.18,D,0,VIIRS_NOAA20_SP
31.70058,75.17676,330.61,0.4,0.6,2023-10-05,847,N20,VIIRS,n,2,302.23,2.29,D,0,VIIRS_NOAA20_SP
31.7053,74.99553,367.0,0.39,0.59,2023-10-05,847,N20,VIIRS,h,2,306.04,13.5,D,0,VIIRS_NOAA20_SP
31.70723,75.02451,333.77,0.39,0.59,2023-10-05,847,N20,VIIRS,n,2,304.44,2.62,D,0,VIIRS_NOAA20_SP
31.70834,75.04111,339.87,0.39,0.59,2023-10-05,847,N20,VIIRS,n,2,303.56,3.64,D,0,VIIRS_NOAA20_SP
31.70861,75.04527,330.61,0.39,0.59,2023-10-05,847,N20,VIIRS,n,2,303.76,5.6,D,0,VIIRS_NOAA20_SP
31.70889,75.04945,367.0,0.39,0.59,2023-10-05,847,N20,VIIRS,h,2,303.96,5.6,D,0,VIIRS_NOAA20_SP
31.71303,73.83741,354.18,0.33,0.55,2023-10-05,847,N20,VIIRS,n,2,305.17,7.13,D,0,VIIRS_NOAA20_SP
31.7138,74.42422,337.46,0.36,0.57,2023-10-05,847,N20,VIIRS,n,2,300.31,2.81,D,0,VIIRS_NOAA20_SP
31.72033,74.9735,350.86,0.39,0.59,2023-10-05,847,N20,VIIRS,n,2,306.3,6.62,D,0,VIIRS_NOAA20_SP
31.72061,74.97762,340.71,0.39,0.59,2023-10-05,847,N20,VIIRS,n,2,305.32,6.1,D,0,VIIRS_NOAA20_SP
31.72211,75.08186,339.13,0.39,0.59,2023-10-05,847,N20,VIIRS,n,2,303.27,2.16,D,0,VIIRS_NOAA20_SP
31.72313,73.0216,338.82,0.59,0.53,2023-10-05,847,N20,VIIRS,n,2,305.59,7.76,D,0,VIIRS_NOAA20_SP
31.72622,73.02039,340.55,0.59,0.53,2023-10-05,847,N20,VIIRS,n,2,305.72,4.26,D,0,VIIRS_NOAA20_SP
31.75775,72.98531,342.46,0.59,0.53,2023-10-05,847,N20,VIIRS,n,2,305.49,7.27,D,0,VIIRS_NOAA20_SP
31.7585,75.21033,330.47,0.4,0.6,2023-10-05,847,N20,VIIRS,n,2,302.42,1.74,D,0,VIIRS_NOAA20_SP
31.77694,72.69231,335.17,0.57,0.52,2023-10-05,847,N20,VIIRS,l,2,305.36,5.54,D,0,VIIRS_NOAA20_SP
31.7785,73.75341,330.54,0.33,0.55,2023-10-05,847,N20,VIIRS,n,2,303.9,1.04,D,0,VIIRS_NOAA20_SP
31.77872,74.94371,334.01,0.38,0.59,2023-10-05,847,N20,VIIRS,n,2,303.85,2.81,D,0,VIIRS_NOAA20_SP
31.77974,74.9436,331.23,0.39,0.59,2023-10-05,847,N20,VIIRS,l,2,303.12,3.07,D,0,VIIRS_NOAA20_SP
31.78176,75.06419,331.64,0.39,0.59,2023-10-05,847,N20,VIIRS,n,2,303.55,2.99,D,0,VIIRS_NOAA20_SP
31.78202,75.06425,333.53,0.39,0.59,2023-10-05,847,N20,VIIRS,n,2,303.49,2.93,D,0,VIIRS_NOAA20_SP
31.78373,75.0138,339.85,0.39,0.59,2023-10-05,847,N20,VIIRS,n,2,302.37,3.05,D,0,VIIRS_NOAA20_SP
31.7843,75.01378,332.72,0.39,0.59,2023-10-05,847,N20,VIIRS,n,2,301.58,2.29,D,0,VIIRS_NOAA20_SP
31.79147,74.95495,337.62,0.39,0.59,2023-10-05,847,N20,VIIRS,n,2,302.21,2.48,D,0,VIIRS_NOAA20_SP
31.79409,73.6925,342.65,0.32,0.55,2023-10-05,847,N20,VIIRS,n,2,303.64,2.43,D,0,VIIRS_NOAA20_SP
31.79788,73.69181,350.03,0.32,0.55,2023-10-05,847,N20,VIIRS,n,2,301.94,3.82,D,0,VIIRS_NOAA20_SP
31.80495,73.51735,330.21,0.63,0.54,2023-10-05,847,N20,VIIRS,l,2,304.09,4.26,D,0,VIIRS_NOAA20_SP
31.80761,75.03269,345.26,0.39,0.59,2023-10-05,847,N20,VIIRS,n,2,302.21,4.94,D,0,VIIRS_NOAA20_SP
31.8109,74.99899,331.34,0.39,0.59,2023-10-05,847,N20,VIIRS,l,2,302.06,4.35,D,0,VIIRS_NOAA20_SP
31.81117,73.217,331.54,0.61,0.53,2023-10-05,847,N20,VIIRS,l,2,303.48,3.34,D,0,VIIRS_NOAA20_SP
31.83873,73.6912,353.18,0.32,0.55,2023-10-05,847,N20,VIIRS,n,2,305.99,4.87,D,0,VIIRS_NOAA20_SP
31.83931,74.40446,338.27,0.36,0.57,2023-10-05,847,N20,VIIRS,n,2,301.19,2.53,D,0,VIIRS_NOAA20_SP
31.84989,73.97441,344.63,0.34,0.56,2023-10-05,847,N20,VIIRS,n,2,303.77,3.23,D,0,VIIRS_NOAA20_SP
31.85542,74.12041,335.68,0.34,0.56,2023-10-05,847,N20,VIIRS,n,2,302.31,1.45,D,0,VIIRS_NOAA20_SP
31.86232,74.67731,352.63,0.37,0.58,2023-10-05,847,N20,VIIRS,n,2,303.55,8.71,D,0,VIIRS_NOAA20_SP
31.86485,74.67625,331.89,0.37,0.58,2023-10-05,847,N20,VIIRS,l,2,303.07,7.18,D,0,VIIRS_NOAA20_SP
31.86514,74.68021,351.91,0.37,0.58,2023-10-05,847,N20,VIIRS,n,2,302.2,6.6,D,0,VIIRS_NOAA20_SP
31.87456,73.88914,367.0,0.33,0.56,2023-10-05,847,N20,VIIRS,h,2,306.42,6.88,D,0,VIIRS_NOAA20_SP
31.88621,73.90594,355.54,0.33,0.56,2023-10-05,847,N20,VIIRS,n,2,306.32,7.39,D,0,VIIRS_NOAA20_SP
31.88649,73.90951,352.16,0.33,0.56,2023-10-05,847,N20,VIIRS,n,2,302.72,7.39,D,0,VIIRS_NOAA20_SP
31.90118,73.83296,330.53,0.33,0.55,2023-10-05,847,N20,VIIRS,n,2,304.22,1.7,D,0,VIIRS_NOAA20_SP
31.90275,74.05325,332.64,0.34,0.56,2023-10-05,847,N20,VIIRS,l,2,305.14,4.14,D,0,VIIRS_NOAA20_SP
31.90303,74.05688,340.42,0.34,0.56,2023-10-05,847,N20,VIIRS,n,2,302.66,3.51,D,0,VIIRS_NOAA20_SP
31.91072,74.29894,341.82,0.35,0.57,2023-10-05,847,N20,VIIRS,n,2,301.12,3.56,D,0,VIIRS_NOAA20_SP
31.91282,74.78158,331.32,0.38,0.59,2023-10-05,847,N20,VIIRS,n,2,300.89,1.96,D,0,VIIRS_NOAA20_SP
31.93766,70.84039,331.55,0.44,0.46,2023-10-05,847,N20,VIIRS,n,2,305.49,2.58,D,0,VIIRS_NOAA20_SP
31.95707,75.11015,337.85,0.4,0.6,2023-10-05,847,N20,VIIRS,n,2,300.8,2.33,D,0,VIIRS_NOAA20_SP
31.96648,73.77563,331.96,0.33,0.55,2023-10-05,847,N20,VIIRS,n,2,303.16,2.18,D,0,VIIRS_NOAA20_SP
31.97001,73.82147,367.0,0.33,0.55,2023-10-05,847,N20,VIIRS,h,2,305.56,5.94,D,0,VIIRS_NOAA20_SP
31.97702,73.64825,331.07,0.32,0.55,2023-10-05,847,N20,VIIRS,l,2,301.68,2.18,D,0,VIIRS_NOAA20_SP
31.98045,73.62705,331.66,0.32,0.55,2023-10-05,847,N20,VIIRS,n,2,301.32,1.72,D,0,VIIRS_NOAA20_SP
31.98688,73.97471,338.15,0.34,0.56,2023-10-05,847,N20,VIIRS,n,2,303.74,2.19,D,0,VIIRS_NOAA20_SP
31.99179,73.65702,333.56,0.32,0.55,2023-10-05,847,N20,VIIRS,n,2,301.89,2.69,D,0,VIIRS_NOAA20_SP
31.99306,73.6571,334.56,0.32,0.55,2023-10-05,847,N20,VIIRS,n,2,302.43,2.99,D,0,VIIRS_NOAA20_SP
31.9975,73.97733,331.99,0.34,0.56,2023-10-05,847,N20,VIIRS,n,2,303.15,2.76,D,0,VIIRS_NOAA20_SP
31.99777,73.98095,341.37,0.34,0.56,2023-10-05,847,N20,VIIRS,n,2,302.85,3.55,D,0,VIIRS_NOAA20_SP
32.001,73.95518,334.91,0.34,0.56,2023-10-05,847,N20,VIIRS,n,2,302.94,1.76,D,0,VIIRS_NOAA20_SP
32.00171,73.89721,331.49,0.34,0.56,2023-10-05,847,N20,VIIRS,n,2,300.44,2.37,D,0,VIIRS_NOAA20_SP
32.00194,73.65599,330.12,0.32,0.55,2023-10-05,847,N20,VIIRS,l,2,303.21,1.47,D,0,VIIRS_NOAA20_SP
32.0032,73.6561,331.42,0.32,0.55,2023-10-05,847,N20,VIIRS,n,2,303.54,1.29,D,0,VIIRS_NOAA20_SP
32.01456,73.61992,337.62,0.32,0.55,2023-10-05,847,N20,VIIRS,n,2,302.68,3.01,D,0,VIIRS_NOAA20_SP
32.03164,73.77975,340.65,0.33,0.55,2023-10-05,847,N20,VIIRS,n,2,300.31,2.46,D,0,VIIRS_NOAA20_SP
32.10693,74.23481,330.48,0.35,0.57,2023-10-05,847,N20,VIIRS,l,2,302.38,1.51,D,0,VIIRS_NOAA20_SP
32.11219,74.23431,331.02,0.35,0.57,2023-10-05,847,N20,VIIRS,l,2,303.88,1.51,D,0,VIIRS_NOAA20_SP
32.14349,73.86259,334.01,0.34,0.56,2023-10-05,847,N20,VIIRS,n,2,304.26,5.48,D,0,VIIRS_NOAA20_SP
32.14375,73.86618,367.0,0.34,0.56,2023-10-05,847,N20,VIIRS,h,2,301.44,5.48,D,0,VIIRS_NOAA20_SP
32.16545,73.8101,337.22,0.33,0.55,2023-10-05,847,N20,VIIRS,n,2,305.14,7.88,D,0,VIIRS_NOAA20_SP
32.16572,73.81366,367.0,0.33,0.55,2023-10-05,847,N20,VIIRS,h,2,305.64,7.88,D,0,VIIRS_NOAA20_SP
32.17085,73.81316,335.04,0.33,0.55,2023-10-05,847,N20,VIIRS,n,2,302.78,3.53,D,0,VIIRS_NOAA20_SP
32.20303,73.69619,330.6,0.33,0.55,2023-10-05,847,N20,VIIRS,n,2,303.24,2.21,D,0,VIIRS_NOAA20_SP
32.20634,73.69572,332.84,0.33,0.55,2023-10-05,847,N20,VIIRS,n,2,304.4,1.68,D,0,VIIRS_NOAA20_SP
32.20832,73.96539,335.86,0.34,0.56,2023-10-05,847,N20,VIIRS,l,2,307.06,3.27,D,0,VIIRS_NOAA20_SP
32.2086,73.96903,344.64,0.34,0.56,2023-10-05,847,N20,VIIRS,n,2,305.61,3.27,D,0,VIIRS_NOAA20_SP
32.2135,73.96491,331.16,0.34,0.56,2023-10-05,847,N20,VIIRS,l,2,303.7,2.96,D,0,VIIRS_NOAA20_SP
32.21645,73.93539,337.98,0.34,0.56,2023-10-05,847,N20,VIIRS,n,2,303.58,2.09,D,0,VIIRS_NOAA20_SP
32.22313,74.02283,332.87,0.34,0.56,2023-10-05,847,N20,VIIRS,n,2,303.22,1.49,D,0,VIIRS_NOAA20_SP
32.22629,73.82933,342.78,0.33,0.56,2023-10-05,847,N20,VIIRS,n,2,305.59,2.96,D,0,VIIRS_NOAA20_SP
32.22896,73.82909,342.43,0.33,0.56,2023-10-05,847,N20,VIIRS,n,2,302.78,2.65,D,0,VIIRS_NOAA20_SP
32.23449,73.96656,333.11,0.34,0.56,2023-10-05,847,N20,VIIRS,l,2,304.83,2.52,D,0,VIIRS_NOAA20_SP
32.23608,73.96656,332.72,0.34,0.56,2023-10-05,847,N20,VIIRS,l,2,303.89,2.22,D,0,VIIRS_NOAA20_SP
32.23761,73.84266,345.66,0.33,0.56,2023-10-05,847,N20,VIIRS,n,2,305.81,3.36,D,0,VIIRS_NOAA20_SP
32.2662,74.02264,333.1,0.34,0.56,2023-10-05,847,N20,VIIRS,n,2,304.45,1.95,D,0,VIIRS_NOAA20_SP
32.26693,73.75005,334.97,0.33,0.55,2023-10-05,847,N20,VIIRS,n,2,304.28,2.68,D,0,VIIRS_NOAA20_SP
32.28056,73.93295,367.0,0.34,0.56,2023-10-05,847,N20,VIIRS,h,2,302.51,5.65,D,0,VIIRS_NOAA20_SP
32.30207,73.94187,332.18,0.34,0.56,2023-10-05,847,N20,VIIRS,n,2,303.77,1.95,D,0,VIIRS_NOAA20_SP
32.30657,73.7963,350.21,0.33,0.56,2023-10-05,847,N20,VIIRS,n,2,304.31,4.05,D,0,VIIRS_NOAA20_SP
32.3185,75.12807,334.88,0.4,0.6,2023-10-05,847,N20,VIIRS,n,2,303.51,2.65,D,0,VIIRS_NOAA20_SP
32.31892,75.1265,336.16,0.4,0.6,2023-10-05,847,N20,VIIRS,n,2,304.39,2.22,D,0,VIIRS_NOAA20_SP
32.3614,74.25032,336.05,0.36,0.57,2023-10-05,847,N20,VIIRS,n,2,302.48,3.41,D,0,VIIRS_NOAA20_SP
32.36202,74.25093,331.48,0.35,0.57,2023-10-05,847,N20,VIIRS,l,2,302.42,2.0,D,0,VIIRS_NOAA20_SP
32.37365,73.97456,331.08,0.34,0.56,2023-10-05,847,N20,VIIRS,l,2,302.55,3.31,D,0,VIIRS_NOAA20_SP
32.4128,74.2264,335.92,0.35,0.57,2023-10-05,847,N20,VIIRS,n,2,302.63,5.55,D,0,VIIRS_NOAA20_SP
32.54226,74.80986,331.05,0.38,0.59,2023-10-05,847,N20,VIIRS,l,2,304.54,5.03,D,0,VIIRS_NOAA20_SP
32.76741,72.86538,334.08,0.59,0.53,2023-10-05,847,N20,VIIRS,l,2,308.04,4.2,D,0,VIIRS_NOAA20_SP
32.94403,72.66876,344.59,0.58,0.52,2023-10-05,847,N20,VIIRS,n,2,313.63,5.21,D,0,VIIRS_NOAA20_SP
33.18689,73.37683,335.94,0.32,0.55,2023-10-05,847,N20,VIIRS,n,2,305.43,1.95,D,0,VIIRS_NOAA20_SP
33.39013,73.12792,334.69,0.63,0.54,2023-10-05,847,N20,VIIRS,n,2,306.47,2.6,D,0,VIIRS_NOAA20_SP
34.01167,72.68124,338.79,0.6,0.53,2023-10-05,847,N20,VIIRS,n,2,308.38,6.16,D,0,VIIRS_NOAA20_SP
34.39728,74.48665,328.68,0.39,0.59,2023-10-05,847,N20,VIIRS,n,2,300.88,2.53,D,0,VIIRS_NOAA20_SP
29.37636,91.15068,305.89,0.43,0.38,2023-10-05,1929,N20,VIIRS,n,2,282.72,1.35,N,2,VIIRS_NOAA20_SP
29.6585,90.89949,304.35,0.44,0.38,2023-10-05,1929,N20,VIIRS,n,2,281.94,1.2,N,2,VIIRS_NOAA20_SP
24.5414,97.73972,303.23,0.57,0.43,2023-10-05,1930,N20,VIIRS,n,2,287.43,1.42,N,2,VIIRS_NOAA20_SP
26.76092,83.19695,309.86,0.36,0.57,2023-10-05,1930,N20,VIIRS,n,2,291.15,2.34,N,2,VIIRS_NOAA20_SP
29.08522,88.00908,315.05,0.39,0.44,2023-10-05,1930,N20,VIIRS,n,2,278.95,2.57,N,0,VIIRS_NOAA20_SP
21.64919,97.21657,303.44,0.4,0.44,2023-10-05,1931,N20,VIIRS,n,2,287.46,0.57,N,0,VIIRS_NOAA20_SP
23.61384,86.78908,300.21,0.39,0.44,2023-10-05,1931,N20,VIIRS,n,2,287.75,1.08,N,2,VIIRS_NOAA20_SP
23.61428,86.7855,299.06,0.39,0.44,2023-10-05,1931,N20,VIIRS,n,2,287.75,0.96,N,2,VIIRS_NOAA20_SP
23.61788,86.78965,298.8,0.39,0.44,2023-10-05,1931,N20,VIIRS,n,2,287.64,0.83,N,2,VIIRS_NOAA20_SP
23.76165,86.4184,298.28,0.42,0.45,2023-10-05,1931,N20,VIIRS,n,2,284.19,1.15,N,2,VIIRS_NOAA20_SP
23.78225,86.20663,298.85,0.43,0.46,2023-10-05,1931,N20,VIIRS,n,2,276.18,0.85,N,2,VIIRS_NOAA20_SP
23.97946,97.79485,302.7,0.39,0.44,2023-10-05,1931,N20,VIIRS,n,2,288.1,1.33,N,0,VIIRS_NOAA20_SP
19.96623,79.33244,304.23,0.53,0.67,2023-10-05,1932,N20,VIIRS,n,2,285.97,1.36,N,2,VIIRS_NOAA20_SP
19.96756,79.3326,304.86,0.53,0.67,2023-10-05,1932,N20,VIIRS,n,2,286.65,1.21,N,2,VIIRS_NOAA20_SP
20.95674,85.00842,304.19,0.47,0.48,2023-10-05,1932,N20,VIIRS,n,2,290.41,1.31,N,2,VIIRS_NOAA20_SP
20.96932,85.0146,314.93,0.47,0.48,2023-10-05,1932,N20,VIIRS,n,2,291.32,2.38,N,0,VIIRS_NOAA20_SP
20.96988,85.01572,312.82,0.47,0.48,2023-10-05,1932,N20,VIIRS,n,2,291.21,2.75,N,0,VIIRS_NOAA20_SP
21.07747,85.04401,301.09,0.47,0.48,2023-10-05,1932,N20,VIIRS,n,2,289.28,0.8,N,2,VIIRS_NOAA20_SP
21.18935,81.38792,311.88,0.4,0.6,2023-10-05,1932,N20,VIIRS,n,2,294.79,2.77,N,2,VIIRS_NOAA20_SP
21.19785,81.41647,344.75,0.4,0.6,2023-10-05,1932,N20,VIIRS,n,2,294.23,4.53,N,2,VIIRS_NOAA20_SP
21.19822,81.41261,327.46,0.4,0.6,2023-10-05,1932,N20,VIIRS,n,2,293.2,4.53,N,2,VIIRS_NOAA20_SP
21.24735,79.21849,305.76,0.56,0.69,2023-10-05,1932,N20,VIIRS,n,2,293.45,1.17,N,0,VIIRS_NOAA20_SP
21.24997,79.22112,313.29,0.56,0.69,2023-10-05,1932,N20,VIIRS,n,2,294.17,1.45,N,2,VIIRS_NOAA20_SP
21.30965,81.58854,308.27,0.39,0.6,2023-10-05,1932,N20,VIIRS,n,2,293.2,1.05,N,2,VIIRS_NOAA20_SP
21.36833,81.67677,304.31,0.39,0.59,2023-10-05,1932,N20,VIIRS,n,2,293.83,1.1,N,2,VIIRS_NOAA20_SP
21.37744,81.63932,310.43,0.39,0.59,2023-10-05,1932,N20,VIIRS,n,2,294.59,1.81,N,2,VIIRS_NOAA20_SP
21.37926,81.67795,311.88,0.39,0.59,2023-10-05,1932,N20,VIIRS,n,2,294.55,2.55,N,2,VIIRS_NOAA20_SP
21.39351,81.645,314.63,0.39,0.59,2023-10-05,1932,N20,VIIRS,n,2,294.54,1.77,N,2,VIIRS_NOAA20_SP
21.48793,81.76655,312.31,0.38,0.59,2023-10-05,1932,N20,VIIRS,n,2,293.74,0.97,N,2,VIIRS_NOAA20_SP
21.67506,82.07986,308.75,0.37,0.58,2023-10-05,1932,N20,VIIRS,n,2,293.19,1.28,N,2,VIIRS_NOAA20_SP
21.75418,83.83964,305.16,0.57,0.52,2023-10-05,1932,N20,VIIRS,n,2,291.43,1.62,N,2,VIIRS_NOAA20_SP
21.7587,83.83908,313.64,0.57,0.52,2023-10-05,1932,N20,VIIRS,n,2,291.44,3.66,N,2,VIIRS_NOAA20_SP
21.75895,83.84021,316.03,0.57,0.52,2023-10-05,1932,N20,VIIRS,n,2,291.61,1.62,N,2,VIIRS_NOAA20_SP
21.76373,83.8408,313.95,0.57,0.52,2023-10-05,1932,N20,VIIRS,n,2,291.4,1.51,N,2,VIIRS_NOAA20_SP
21.87687,83.49486,307.8,0.6,0.53,2023-10-05,1932,N20,VIIRS,n,2,291.67,2.48,N,2,VIIRS_NOAA20_SP
21.87767,83.55237,307.22,0.6,0.53,2023-10-05,1932,N20,VIIRS,n,2,291.3,1.8,N,2,VIIRS_NOAA20_SP
21.87911,83.49366,307.42,0.6,0.53,2023-10-05,1932,N20,VIIRS,n,2,291.9,1.88,N,2,VIIRS_NOAA20_SP
21.88071,83.55437,309.87,0.6,0.53,2023-10-05,1932,N20,VIIRS,n,2,291.53,2.08,N,2,VIIRS_NOAA20_SP
21.91967,83.34946,310.48,0.61,0.54,2023-10-05,1932,N20,VIIRS,n,2,292.44,3.19,N,2,VIIRS_NOAA20_SP
21.92128,83.3511,315.17,0.61,0.54,2023-10-05,1932,N20,VIIRS,n,2,293.19,2.66,N,2,VIIRS_NOAA20_SP
21.92189,83.34513,306.09,0.62,0.54,2023-10-05,1932,N20,VIIRS,n,2,291.93,6.5,N,2,VIIRS_NOAA20_SP
21.92622,83.35175,307.54,0.61,0.54,2023-10-05,1932,N20,VIIRS,n,2,292.19,2.66,N,2,VIIRS_NOAA20_SP
22.03682,83.3605,304.69,0.62,0.54,2023-10-05,1932,N20,VIIRS,n,2,291.96,2.87,N,2,VIIRS_NOAA20_SP
22.04709,83.73325,304.42,0.58,0.52,2023-10-05,1932,N20,VIIRS,n,2,290.99,3.42,N,0,VIIRS_NOAA20_SP
22.05795,83.72317,302.99,0.58,0.52,2023-10-05,1932,N20,VIIRS,n,2,291.29,3.49,N,2,VIIRS_NOAA20_SP
22.10726,83.52084,311.67,0.6,0.53,2023-10-05,1932,N20,VIIRS,n,2,291.36,2.68,N,0,VIIRS_NOAA20_SP
22.10963,83.51963,302.9,0.6,0.53,2023-10-05,1932,N20,VIIRS,n,2,291.09,1.82,N,0,VIIRS_NOAA20_SP
22.22331,84.75158,302.78,0.5,0.49,2023-10-05,1932,N20,VIIRS,n,2,289.33,1.78,N,2,VIIRS_NOAA20_SP
22.31702,82.73898,306.69,0.34,0.56,2023-10-05,1932,N20,VIIRS,n,2,292.93,0.94,N,2,VIIRS_NOAA20_SP
22.32773,82.68291,306.11,0.34,0.56,2023-10-05,1932,N20,VIIRS,n,2,292.29,1.42,N,2,VIIRS_NOAA20_SP
17.46654,80.65235,305.65,0.41,0.6,2023-10-05,1933,N20,VIIRS,n,2,293.63,1.25,N,0,VIIRS_NOAA20_SP
17.60637,83.19918,308.19,0.55,0.51,2023-10-05,1933,N20,VIIRS,n,2,294.85,2.54,N,2,VIIRS_NOAA20_SP
17.61108,83.1998,323.05,0.55,0.51,2023-10-05,1933,N20,VIIRS,n,2,293.94,2.54,N,2,VIIRS_NOAA20_SP
17.69443,83.23952,308.72,0.55,0.51,2023-10-05,1933,N20,VIIRS,n,2,294.21,2.29,N,2,VIIRS_NOAA20_SP
15.17978,76.65567,303.61,0.71,0.75,2023-10-05,1934,N20,VIIRS,n,2,285.71,3.63,N,2,VIIRS_NOAA20_SP
9.5101,77.78913,308.27,0.5,0.66,2023-10-05,1935,N20,VIIRS,n,2,289.1,0.86,N,0,VIIRS_NOAA20_SP
9.51615,77.78996,321.64,0.5,0.66,2023-10-05,1935,N20,VIIRS,n,2,289.39,2.53,N,0,VIIRS_NOAA20_SP
10.93392,76.74726,306.01,0.62,0.71,2023-10-05,1935,N20,VIIRS,n,2,281.75,1.18,N,0,VIIRS_NOAA20_SP
8.09197,80.77242,303.6,0.6,0.53,2023-10-05,1936,N20,VIIRS,n,2,287.91,1.12,N,0,VIIRS_NOAA20_SP
36.99746,80.18948,296.83,0.58,0.52,2023-10-05,2108,N20,VIIRS,n,2,282.99,0.96,N,0,VIIRS_NOAA20_SP
33.90496,71.9146,307.24,0.41,0.37,2023-10-05,2109,N20,VIIRS,n,2,294.65,0.78,N,2,VIIRS_NOAA20_SP
33.90719,72.8482,303.94,0.44,0.38,2023-10-05,2109,N20,VIIRS,n,2,289.53,0.49,N,0,VIIRS_NOAA20_SP
34.42346,72.96843,299.25,0.44,0.38,2023-10-05,2109,N20,VIIRS,n,2,289.23,0.34,N,0,VIIRS_NOAA20_SP
28.81666,79.74502,310.67,0.43,0.62,2023-10-05,2110,N20,VIIRS,n,2,292.77,0.79,N,0,VIIRS_NOAA20_SP
29.91188,74.95018,314.05,0.42,0.45,2023-10-05,2110,N20,VIIRS,n,2,294.09,1.5,N,2,VIIRS_NOAA20_SP
31.26048,76.9242,301.04,0.51,0.5,2023-10-05,2110,N20,VIIRS,n,2,289.89,0.59,N,2,VIIRS_NOAA20_SP
32.29012,70.73727,312.97,0.4,0.37,2023-10-05,2110,N20,VIIRS,n,2,299.39,2.27,N,2,VIIRS_NOAA20_SP
32.29485,70.72978,316.85,0.4,0.37,2023-10-05,2110,N20,VIIRS,n,2,296.56,2.03,N,2,VIIRS_NOAA20_SP
32.72699,72.81775,308.58,0.45,0.39,2023-10-05,2110,N20,VIIRS,n,2,292.78,1.45,N,2,VIIRS_NOAA20_SP
32.77166,72.85093,312.96,0.45,0.39,2023-10-05,2110,N20,VIIRS,n,2,292.43,1.76,N,0,VIIRS_NOAA20_SP
32.77674,72.88271,314.63,0.45,0.39,2023-10-05,2110,N20,VIIRS,n,2,291.71,1.39,N,0,VIIRS_NOAA20_SP
32.77763,72.87797,304.41,0.45,0.39,2023-10-05,2110,N20,VIIRS,n,2,291.12,0.93,N,0,VIIRS_NOAA20_SP
32.79637,69.99143,304.67,0.39,0.36,2023-10-05,2110,N20,VIIRS,n,2,288.61,0.41,N,0,VIIRS_NOAA20_SP
32.79703,69.98737,298.61,0.39,0.36,2023-10-05,2110,N20,VIIRS,n,2,288.52,0.41,N,0,VIIRS_NOAA20_SP
32.89051,71.61574,319.49,0.41,0.37,2023-10-05,2110,N20,VIIRS,n,2,298.47,2.66,N,2,VIIRS_NOAA20_SP
33.16868,69.92714,305.81,0.39,0.36,2023-10-05,2110,N20,VIIRS,n,2,288.81,0.79,N,0,VIIRS_NOAA20_SP
33.16933,69.92308,302.97,0.39,0.36,2023-10-05,2110,N20,VIIRS,n,2,289.16,0.79,N,0,VIIRS_NOAA20_SP
33.17326,69.91975,300.92,0.39,0.36,2023-10-05,2110,N20,VIIRS,n,2,287.93,0.67,N,0,VIIRS_NOAA20_SP
33.29702,71.18762,328.05,0.4,0.37,2023-10-05,2110,N20,VIIRS,n,2,295.01,3.03,N,0,VIIRS_NOAA20_SP
33.29776,71.18336,313.15,0.4,0.37,2023-10-05,2110,N20,VIIRS,n,2,291.64,2.16,N,0,VIIRS_NOAA20_SP
33.54109,70.19531,310.68,0.39,0.36,2023-10-05,2110,N20,VIIRS,n,2,288.39,0.85,N,0,VIIRS_NOAA20_SP
33.5437,70.2002,301.14,0.39,0.36,2023-10-05,2110,N20,VIIRS,n,2,287.1,0.35,N,0,VIIRS_NOAA20_SP
26.25797,74.09463,306.12,0.44,0.46,2023-10-05,2111,N20,VIIRS,n,2,295.53,1.0,N,0,VIIRS_NOAA20_SP
26.87491,73.51708,308.77,0.4,0.44,2023-10-05,2111,N20,VIIRS,n,2,295.45,2.04,N,2,VIIRS_NOAA20_SP
28.05408,69.37052,329.68,0.39,0.37,2023-10-05,2111,N20,VIIRS,n,2,300.45,3.64,N,0,VIIRS_NOAA20_SP
28.42499,69.70163,314.55,0.4,0.37,2023-10-05,2111,N20,VIIRS,n,2,297.94,1.52,N,2,VIIRS_NOAA20_SP
29.88839,69.39722,320.18,0.39,0.36,2023-10-05,2111,N20,VIIRS,n,2,292.42,2.98,N,0,VIIRS_NOAA20_SP
29.88904,69.39325,329.75,0.39,0.36,2023-10-05,2111,N20,VIIRS,n,2,293.66,2.98,N,0,VIIRS_NOAA20_SP
29.89168,69.39789,328.9,0.39,0.36,2023-10-05,2111,N20,VIIRS,n,2,292.75,2.98,N,0,VIIRS_NOAA20_SP
29.89233,69.39391,330.36,0.39,0.36,2023-10-05,2111,N20,VIIRS,n,2,292.14,2.98,N,0,VIIRS_NOAA20_SP
29.89562,69.39461,304.18,0.39,0.36,2023-10-05,2111,N20,VIIRS,n,2,290.35,0.3,N,0,VIIRS_NOAA20_SP
29.89626,69.39068,300.68,0.39,0.36,2023-10-05,2111,N20,VIIRS,n,2,290.37,0.29,N,0,VIIRS_NOAA20_SP
29.90906,69.86926,306.9,0.39,0.37,2023-10-05,2111,N20,VIIRS,n,2,293.29,0.86,N,0,VIIRS_NOAA20_SP
29.91238,69.86995,307.38,0.39,0.37,2023-10-05,2111,N20,VIIRS,n,2,292.33,1.02,N,0,VIIRS_NOAA20_SP
29.92823,69.87773,309.28,0.39,0.37,2023-10-05,2111,N20,VIIRS,n,2,292.85,0.99,N,0,VIIRS_NOAA20_SP
29.92892,69.87366,309.19,0.39,0.37,2023-10-05,2111,N20,VIIRS,n,2,292.54,0.99,N,0,VIIRS_NOAA20_SP
21.23266,79.62608,301.86,0.62,0.72,2023-10-05,2112,N20,VIIRS,n,2,291.83,1.11,N,2,VIIRS_NOAA20_SP
22.92524,70.10592,318.61,0.46,0.39,2023-10-05,2112,N20,VIIRS,n,2,297.09,1.76,N,0,VIIRS_NOAA20_SP
22.92761,69.82492,308.83,0.45,0.39,2023-10-05,2112,N20,VIIRS,n,2,297.71,1.11,N,2,VIIRS_NOAA20_SP
22.92881,70.10666,313.18,0.46,0.39,2023-10-05,2112,N20,VIIRS,n,2,296.84,1.76,N,0,VIIRS_NOAA20_SP
22.93228,69.6968,310.13,0.44,0.39,2023-10-05,2112,N20,VIIRS,n,2,297.07,1.43,N,2,VIIRS_NOAA20_SP
22.93929,69.69822,314.01,0.44,0.39,2023-10-05,2112,N20,VIIRS,n,2,297.19,1.67,N,2,VIIRS_NOAA20_SP
23.10658,70.19008,307.78,0.46,0.39,2023-10-05,2112,N20,VIIRS,n,2,297.65,1.12,N,2,VIIRS_NOAA20_SP
23.12214,70.08279,309.65,0.46,0.39,2023-10-05,2112,N20,VIIRS,n,2,296.67,1.19,N,0,VIIRS_NOAA20_SP
23.26383,70.25323,309.54,0.46,0.39,2023-10-05,2112,N20,VIIRS,n,2,296.63,1.66,N,2,VIIRS_NOAA20_SP
23.3165,70.48796,309.1,0.48,0.4,2023-10-05,2112,N20,VIIRS,n,2,297.3,1.56,N,2,VIIRS_NOAA20_SP
23.43106,68.7116,312.04,0.41,0.37,2023-10-05,2112,N20,VIIRS,n,2,297.52,1.43,N,2,VIIRS_NOAA20_SP
24.66222,74.63538,309.18,0.51,0.5,2023-10-05,2112,N20,VIIRS,n,2,296.81,3.07,N,2,VIIRS_NOAA20_SP
24.6905,73.00044,307.79,0.41,0.45,2023-10-05,2112,N20,VIIRS,n,2,294.74,1.04,N,2,VIIRS_NOAA20_SP
25.40173,68.56558,311.33,0.39,0.36,2023-10-05,2112,N20,VIIRS,n,2,297.3,0.78,N,2,VIIRS_NOAA20_SP
18.68263,73.03254,307.32,0.53,0.5,2023-10-05,2113,N20,VIIRS,n,2,294.5,3.27,N,2,VIIRS_NOAA20_SP
18.68526,73.04336,306.31,0.53,0.5,2023-10-05,2113,N20,VIIRS,n,2,294.62,2.81,N,2,VIIRS_NOAA20_SP
18.69076,73.03941,306.35,0.53,0.5,2023-10-05,2113,N20,VIIRS,n,2,294.4,4.6,N,2,VIIRS_NOAA20_SP
18.97363,71.6223,334.33,0.43,0.46,2023-10-05,2113,N20,VIIRS,n,2,297.44,2.05,N,3,VIIRS_NOAA20_SP
19.3472,71.30488,321.07,0.4,0.44,2023-10-05,2113,N20,VIIRS,n,2,296.7,1.35,N,3,VIIRS_NOAA20_SP
19.37219,71.35308,330.59,0.4,0.44,2023-10-05,2113,N20,VIIRS,n,2,297.43,4.39,N,3,VIIRS_NOAA20_SP
20.8359,70.69346,307.83,0.53,0.42,2023-10-05,2113,N20,VIIRS,n,2,296.63,1.59,N,2,VIIRS_NOAA20_SP
20.91182,71.45915,318.91,0.39,0.44,2023-10-05,2113,N20,VIIRS,n,2,296.51,1.77,N,2,VIIRS_NOAA20_SP
21.10096,72.63552,318.88,0.45,0.47,2023-10-05,2113,N20,VIIRS,n,2,295.88,2.93,N,2,VIIRS_NOAA20_SP
21.10351,72.64497,309.95,0.45,0.47,2023-10-05,2113,N20,VIIRS,n,2,295.74,7.12,N,2,VIIRS_NOAA20_SP
21.10519,72.63647,326.04,0.45,0.47,2023-10-05,2113,N20,VIIRS,n,2,295.83,5.5,N,2,VIIRS_NOAA20_SP
21.10774,72.6459,347.17,0.45,0.47,2023-10-05,2113,N20,VIIRS,n,2,298.18,7.12,N,2,VIIRS_NOAA20_SP
22.13057,72.76427,305.69,0.44,0.46,2023-10-05,2113,N20,VIIRS,n,2,292.36,0.43,N,0,VIIRS_NOAA20_SP
22.3239,69.88293,313.91,0.46,0.39,2023-10-05,2113,N20,VIIRS,n,2,297.66,1.55,N,0,VIIRS_NOAA20_SP
22.93165,69.69788,312.7,0.44,0.39,2023-10-05,2113,N20,VIIRS,n,2,297.12,1.64,N,2,VIIRS_NOAA20_SP
12.98514,74.85484,304.34,0.45,0.63,2023-10-05,2115,N20,VIIRS,n,2,290.97,1.13,N,0,VIIRS_NOAA20_SP
12.98592,74.85089,308.5,0.45,0.63,2023-10-05,2115,N20,VIIRS,n,2,291.17,1.13,N,0,VIIRS_NOAA20_SP
18.05572,83.53781,326.63,0.74,0.76,2023-10-06,643,N20,VIIRS,n,2,293.94,2.34,D,0,VIIRS_NOAA20_SP
18.24395,95.42139,332.97,0.42,0.38,2023-10-06,643,N20,VIIRS,n,2,294.59,3.21,D,0,VIIRS_NOAA20_SP
19.75531,96.08836,331.33,0.39,0.37,2023-10-06,643,N20,VIIRS,n,2,295.74,4.61,D,0,VIIRS_NOAA20_SP
20.96257,85.17881,327.28,0.5,0.66,2023-10-06,644,N20,VIIRS,n,2,293.54,7.07,D,2,VIIRS_NOAA20_SP
20.96615,85.01933,327.18,0.51,0.66,2023-10-06,644,N20,VIIRS,n,2,292.24,3.37,D,0,VIIRS_NOAA20_SP
21.6126,96.13802,335.54,0.39,0.36,2023-10-06,644,N20,VIIRS,n,2,298.59,4.46,D,0,VIIRS_NOAA20_SP
21.76916,96.11701,337.35,0.39,0.36,2023-10-06,644,N20,VIIRS,n,2,298.38,2.59,D,0,VIIRS_NOAA20_SP
22.21386,84.84343,327.48,0.5,0.65,2023-10-06,644,N20,VIIRS,n,2,292.61,5.54,D,2,VIIRS_NOAA20_SP
22.50696,97.31046,333.2,0.39,0.36,2023-10-06,644,N20,VIIRS,n,2,297.89,15.75,D,0,VIIRS_NOAA20_SP
22.69046,97.56812,330.74,0.39,0.36,2023-10-06,644,N20,VIIRS,n,2,298.25,3.15,D,0,VIIRS_NOAA20_SP
23.63252,97.84503,334.66,0.4,0.37,2023-10-06,644,N20,VIIRS,n,2,294.61,4.06,D,0,VIIRS_NOAA20_SP
23.63452,97.8445,334.32,0.4,0.37,2023-10-06,644,N20,VIIRS,n,2,294.84,4.4,D,0,VIIRS_NOAA20_SP
25.37227,97.45283,331.95,0.4,0.37,2023-10-06,645,N20,VIIRS,n,2,294.95,3.22,D,0,VIIRS_NOAA20_SP
25.66418,80.3331,345.6,0.78,0.78,2023-10-06,646,N20,VIIRS,n,2,302.35,7.51,D,0,VIIRS_NOAA20_SP
25.66688,80.33256,345.18,0.78,0.78,2023-10-06,646,N20,VIIRS,n,2,302.09,7.95,D,0,VIIRS_NOAA20_SP
28.87838,79.86405,331.42,0.69,0.74,2023-10-06,646,N20,VIIRS,n,2,295.33,8.54,D,0,VIIRS_NOAA20_SP
8.02736,81.03721,338.22,0.48,0.48,2023-10-06,821,N20,VIIRS,n,2,295.43,3.75,D,0,VIIRS_NOAA20_SP
8.02856,81.04594,332.75,0.48,0.48,2023-10-06,821,N20,VIIRS,n,2,295.26,3.62,D,0,VIIRS_NOAA20_SP
8.04181,81.04414,330.34,0.48,0.48,2023-10-06,821,N20,VIIRS,n,2,294.53,4.9,D,0,VIIRS_NOAA20_SP
8.34941,81.16418,339.9,0.49,0.49,2023-10-06,821,N20,VIIRS,n,2,295.65,6.55,D,0,VIIRS_NOAA20_SP
8.49724,80.76326,332.63,0.47,0.47,2023-10-06,821,N20,VIIRS,n,2,298.3,9.74,D,0,VIIRS_NOAA20_SP
8.50533,80.65927,339.66,0.46,0.47,2023-10-06,821,N20,VIIRS,n,2,297.15,4.85,D,0,VIIRS_NOAA20_SP
8.52827,77.9334,339.77,0.47,0.4,2023-10-06,821,N20,VIIRS,n,2,303.67,10.01,D,0,VIIRS_NOAA20_SP
8.56694,80.38521,331.33,0.44,0.46,2023-10-06,821,N20,VIIRS,n,2,296.69,4.33,D,0,VIIRS_NOAA20_SP
8.57564,80.68821,332.13,0.46,0.47,2023-10-06,821,N20,VIIRS,n,2,296.07,6.56,D,0,VIIRS_NOAA20_SP
8.57701,80.68832,335.9,0.46,0.47,2023-10-06,821,N20,VIIRS,n,2,296.72,7.54,D,0,VIIRS_NOAA20_SP
8.62782,81.02805,332.03,0.49,0.48,2023-10-06,821,N20,VIIRS,n,2,298.06,5.5,D,0,VIIRS_NOAA20_SP
8.63109,81.02837,334.5,0.49,0.48,2023-10-06,821,N20,VIIRS,n,2,298.48,4.15,D,0,VIIRS_NOAA20_SP
8.63511,80.88945,330.67,0.48,0.48,2023-10-06,821,N20,VIIRS,n,2,297.57,2.48,D,0,VIIRS_NOAA20_SP
8.66097,80.52913,334.29,0.45,0.47,2023-10-06,821,N20,VIIRS,n,2,296.33,3.34,D,0,VIIRS_NOAA20_SP
8.67005,80.84949,332.67,0.47,0.48,2023-10-06,821,N20,VIIRS,n,2,295.44,3.16,D,0,VIIRS_NOAA20_SP
8.69348,81.02018,355.89,0.49,0.48,2023-10-06,821,N20,VIIRS,n,2,301.09,14.07,D,0,VIIRS_NOAA20_SP
8.72391,81.04327,338.56,0.49,0.49,2023-10-06,821,N20,VIIRS,n,2,296.33,4.34,D,0,VIIRS_NOAA20_SP
8.73986,78.08087,332.64,0.49,0.4,2023-10-06,821,N20,VIIRS,l,2,302.84,3.42,D,0,VIIRS_NOAA20_SP
8.74139,80.84557,333.84,0.48,0.48,2023-10-06,821,N20,VIIRS,n,2,295.95,5.52,D,0,VIIRS_NOAA20_SP
8.75574,77.56986,335.67,0.46,0.39,2023-10-06,821,N20,VIIRS,n,2,304.5,7.83,D,0,VIIRS_NOAA20_SP
8.87295,78.15943,333.26,0.49,0.4,2023-10-06,821,N20,VIIRS,n,2,300.15,2.86,D,0,VIIRS_NOAA20_SP
8.90961,80.79738,336.4,0.47,0.48,2023-10-06,821,N20,VIIRS,n,2,295.87,4.58,D,0,VIIRS_NOAA20_SP
8.91401,80.79681,332.99,0.47,0.48,2023-10-06,821,N20,VIIRS,n,2,295.63,6.74,D,0,VIIRS_NOAA20_SP
8.91436,80.79805,331.19,0.47,0.48,2023-10-06,821,N20,VIIRS,n,2,293.98,2.07,D,0,VIIRS_NOAA20_SP
9.02767,77.40572,338.55,0.45,0.39,2023-10-06,821,N20,VIIRS,n,2,303.54,3.29,D,0,VIIRS_NOAA20_SP
9.05244,80.0869,337.52,0.43,0.46,2023-10-06,821,N20,VIIRS,n,2,295.46,3.05,D,0,VIIRS_NOAA20_SP
9.47035,77.70918,333.81,0.47,0.4,2023-10-06,821,N20,VIIRS,n,2,298.76,4.97,D,0,VIIRS_NOAA20_SP
9.4734,77.70435,338.66,0.47,0.4,2023-10-06,821,N20,VIIRS,n,2,305.0,10.38,D,0,VIIRS_NOAA20_SP
9.67474,77.88584,332.79,0.49,0.4,2023-10-06,822,N20,VIIRS,l,2,303.37,1.48,D,0,VIIRS_NOAA20_SP
9.96606,78.52429,331.39,0.53,0.42,2023-10-06,822,N20,VIIRS,l,2,303.07,2.06,D,0,VIIRS_NOAA20_SP
10.42595,78.6377,330.24,0.55,0.42,2023-10-06,822,N20,VIIRS,l,2,301.57,1.98,D,0,VIIRS_NOAA20_SP
10.45836,78.87025,335.21,0.56,0.43,2023-10-06,822,N20,VIIRS,n,2,302.23,2.56,D,0,VIIRS_NOAA20_SP
10.54246,77.95509,334.22,0.5,0.41,2023-10-06,822,N20,VIIRS,l,2,306.45,1.07,D,0,VIIRS_NOAA20_SP
10.9173,77.25871,345.84,0.47,0.39,2023-10-06,822,N20,VIIRS,n,2,311.34,9.37,D,0,VIIRS_NOAA20_SP
10.91839,77.25926,340.31,0.47,0.39,2023-10-06,822,N20,VIIRS,l,2,312.34,9.76,D,0,VIIRS_NOAA20_SP
10.92751,77.97251,344.2,0.51,0.41,2023-10-06,822,N20,VIIRS,n,2,309.44,15.5,D,0,VIIRS_NOAA20_SP
10.94721,79.16381,333.8,0.4,0.44,2023-10-06,822,N20,VIIRS,n,2,298.05,4.91,D,0,VIIRS_NOAA20_SP
11.15435,77.91087,334.22,0.51,0.41,2023-10-06,822,N20,VIIRS,n,2,301.76,3.91,D,0,VIIRS_NOAA20_SP
11.20705,77.84298,337.97,0.5,0.41,2023-10-06,822,N20,VIIRS,n,2,305.04,4.2,D,0,VIIRS_NOAA20_SP
11.21469,77.05517,334.66,0.46,0.39,2023-10-06,822,N20,VIIRS,l,2,308.62,2.09,D,0,VIIRS_NOAA20_SP
11.42013,77.59801,331.88,0.49,0.4,2023-10-06,822,N20,VIIRS,l,2,302.41,3.92,D,0,VIIRS_NOAA20_SP
11.45862,77.65701,331.45,0.5,0.41,2023-10-06,822,N20,VIIRS,n,2,300.8,1.7,D,0,VIIRS_NOAA20_SP
12.19258,76.74388,344.35,0.45,0.39,2023-10-06,822,N20,VIIRS,n,2,298.95,12.9,D,0,VIIRS_NOAA20_SP
13.77998,76.17677,341.91,0.44,0.39,2023-10-06,823,N20,VIIRS,n,2,301.76,5.74,D,0,VIIRS_NOAA20_SP
13.94963,76.90611,337.28,0.48,0.4,2023-10-06,823,N20,VIIRS,n,2,303.79,7.48,D,0,VIIRS_NOAA20_SP
14.2115,79.36599,347.46,0.45,0.47,2023-10-06,823,N20,VIIRS,n,2,301.34,6.75,D,0,VIIRS_NOAA20_SP
14.21388,79.36604,347.16,0.45,0.47,2023-10-06,823,N20,VIIRS,n,2,301.0,6.06,D,0,VIIRS_NOAA20_SP
14.64774,79.37739,341.14,0.46,0.47,2023-10-06,823,N20,VIIRS,n,2,303.7,4.33,D,0,VIIRS_NOAA20_SP
14.64928,79.37663,340.78,0.46,0.47,2023-10-06,823,N20,VIIRS,n,2,303.59,3.53,D,0,VIIRS_NOAA20_SP
14.68749,79.72824,337.62,0.48,0.48,2023-10-06,823,N20,VIIRS,n,2,301.77,1.8,D,0,VIIRS_NOAA20_SP
14.74885,76.29398,334.63,0.46,0.39,2023-10-06,823,N20,VIIRS,n,2,298.87,1.85,D,0,VIIRS_NOAA20_SP
14.75176,79.62897,339.24,0.48,0.48,2023-10-06,823,N20,VIIRS,n,2,304.35,4.18,D,0,VIIRS_NOAA20_SP
14.75232,79.63344,343.07,0.48,0.48,2023-10-06,823,N20,VIIRS,n,2,304.86,5.33,D,0,VIIRS_NOAA20_SP
14.85627,79.42947,333.28,0.47,0.47,2023-10-06,823,N20,VIIRS,l,2,304.72,3.81,D,0,VIIRS_NOAA20_SP
14.9342,79.3719,344.45,0.46,0.47,2023-10-06,823,N20,VIIRS,n,2,304.94,5.56,D,0,VIIRS_NOAA20_SP
14.938,79.367,335.01,0.46,0.47,2023-10-06,823,N20,VIIRS,l,2,305.68,1.96,D,0,VIIRS_NOAA20_SP
14.95987,79.79338,337.83,0.49,0.49,2023-10-06,823,N20,VIIRS,n,2,306.29,4.93,D,0,VIIRS_NOAA20_SP
14.96568,79.34157,339.01,0.46,0.47,2023-10-06,823,N20,VIIRS,n,2,304.42,3.26,D,0,VIIRS_NOAA20_SP
14.9674,79.34258,338.41,0.46,0.47,2023-10-06,823,N20,VIIRS,n,2,305.27,2.82,D,0,VIIRS_NOAA20_SP
15.00363,79.9627,342.93,0.51,0.49,2023-10-06,823,N20,VIIRS,n,2,302.64,12.75,D,0,VIIRS_NOAA20_SP
15.03871,79.9487,333.48,0.51,0.49,2023-10-06,823,N20,VIIRS,n,2,302.43,4.1,D,0,VIIRS_NOAA20_SP
15.03991,79.9459,335.6,0.51,0.49,2023-10-06,823,N20,VIIRS,n,2,302.87,4.45,D,0,VIIRS_NOAA20_SP
15.07232,76.03074,333.07,0.45,0.39,2023-10-06,823,N20,VIIRS,n,2,299.98,3.23,D,0,VIIRS_NOAA20_SP
15.17205,76.66112,330.75,0.48,0.4,2023-10-06,823,N20,VIIRS,l,2,302.77,4.28,D,2,VIIRS_NOAA20_SP
15.18278,78.62532,336.79,0.42,0.45,2023-10-06,823,N20,VIIRS,n,2,298.87,3.44,D,0,VIIRS_NOAA20_SP
15.50913,79.93626,338.43,0.51,0.5,2023-10-06,823,N20,VIIRS,n,2,302.08,1.6,D,0,VIIRS_NOAA20_SP
15.62947,78.27203,345.13,0.4,0.44,2023-10-06,823,N20,VIIRS,n,2,306.96,4.38,D,0,VIIRS_NOAA20_SP
15.63358,78.27169,352.07,0.4,0.44,2023-10-06,823,N20,VIIRS,n,2,309.98,7.92,D,0,VIIRS_NOAA20_SP
15.63406,78.27541,349.59,0.4,0.44,2023-10-06,823,N20,VIIRS,n,2,309.81,7.34,D,0,VIIRS_NOAA20_SP
16.47115,79.56869,333.5,0.5,0.49,2023-10-06,823,N20,VIIRS,l,2,306.82,5.91,D,0,VIIRS_NOAA20_SP
17.48741,74.37939,330.43,0.41,0.37,2023-10-06,824,N20,VIIRS,n,2,305.1,1.2,D,0,VIIRS_NOAA20_SP
18.04414,78.93638,330.05,0.48,0.48,2023-10-06,824,N20,VIIRS,n,2,303.85,3.23,D,0,VIIRS_NOAA20_SP
18.44897,74.3322,334.92,0.42,0.37,2023-10-06,824,N20,VIIRS,n,2,309.6,1.69,D,0,VIIRS_NOAA20_SP
18.47185,74.0515,335.11,0.41,0.37,2023-10-06,824,N20,VIIRS,n,2,307.85,2.65,D,0,VIIRS_NOAA20_SP
18.52303,73.91834,332.86,0.4,0.37,2023-10-06,824,N20,VIIRS,l,2,306.41,2.52,D,0,VIIRS_NOAA20_SP
18.60552,74.37667,334.78,0.42,0.38,2023-10-06,824,N20,VIIRS,n,2,307.04,3.08,D,0,VIIRS_NOAA20_SP
18.82056,78.36905,340.96,0.45,0.47,2023-10-06,824,N20,VIIRS,n,2,304.81,3.67,D,0,VIIRS_NOAA20_SP
19.02173,72.8924,336.48,0.39,0.36,2023-10-06,824,N20,VIIRS,n,2,303.16,3.87,D,0,VIIRS_NOAA20_SP
19.09444,82.17032,331.59,0.4,0.6,2023-10-06,824,N20,VIIRS,n,2,299.1,5.09,D,0,VIIRS_NOAA20_SP
19.37019,71.35538,332.28,0.39,0.36,2023-10-06,824,N20,VIIRS,n,2,298.29,2.74,D,3,VIIRS_NOAA20_SP
20.96513,85.17458,329.63,0.66,0.73,2023-10-06,824,N20,VIIRS,n,2,292.1,6.34,D,2,VIIRS_NOAA20_SP
20.86197,74.59175,335.3,0.44,0.39,2023-10-06,825,N20,VIIRS,n,2,305.7,1.54,D,0,VIIRS_NOAA20_SP
21.1002,72.6352,345.06,0.39,0.36,2023-10-06,825,N20,VIIRS,n,2,310.07,24.8,D,0,VIIRS_NOAA20_SP
21.10515,72.6459,345.26,0.39,0.36,2023-10-06,825,N20,VIIRS,n,2,311.26,10.33,D,2,VIIRS_NOAA20_SP
21.10569,72.64966,336.58,0.39,0.36,2023-10-06,825,N20,VIIRS,l,2,308.75,2.36,D,2,VIIRS_NOAA20_SP
21.26984,76.01671,338.23,0.53,0.42,2023-10-06,825,N20,VIIRS,n,2,308.54,2.13,D,0,VIIRS_NOAA20_SP
21.71134,70.52044,338.3,0.39,0.36,2023-10-06,825,N20,VIIRS,n,2,307.52,2.74,D,0,VIIRS_NOAA20_SP
22.0394,83.73727,331.04,0.55,0.68,2023-10-06,825,N20,VIIRS,n,2,294.99,7.18,D,2,VIIRS_NOAA20_SP
22.04291,83.73523,331.69,0.55,0.68,2023-10-06,825,N20,VIIRS,n,2,294.43,9.41,D,2,VIIRS_NOAA20_SP
22.22062,77.11122,330.75,0.42,0.45,2023-10-06,825,N20,VIIRS,l,2,304.46,0.97,D,0,VIIRS_NOAA20_SP
22.32046,69.88084,344.58,0.4,0.37,2023-10-06,825,N20,VIIRS,n,2,311.65,8.72,D,2,VIIRS_NOAA20_SP
22.49241,77.05904,332.46,0.42,0.45,2023-10-06,825,N20,VIIRS,n,2,297.96,4.72,D,0,VIIRS_NOAA20_SP
22.65455,76.75188,336.34,0.4,0.44,2023-10-06,825,N20,VIIRS,n,2,301.31,2.81,D,0,VIIRS_NOAA20_SP
22.68241,72.25114,333.18,0.39,0.36,2023-10-06,825,N20,VIIRS,l,2,307.99,3.45,D,0,VIIRS_NOAA20_SP
22.79343,77.20804,332.38,0.43,0.46,2023-10-06,825,N20,VIIRS,l,2,306.28,1.98,D,0,VIIRS_NOAA20_SP
23.09838,71.59381,349.97,0.39,0.36,2023-10-06,825,N20,VIIRS,n,2,308.23,4.17,D,0,VIIRS_NOAA20_SP
23.10929,76.8588,330.97,0.41,0.45,2023-10-06,825,N20,VIIRS,l,2,305.74,2.01,D,0,VIIRS_NOAA20_SP
23.11561,75.91145,331.39,0.54,0.42,2023-10-06,825,N20,VIIRS,l,2,305.86,2.27,D,0,VIIRS_NOAA20_SP
23.11892,76.1356,333.65,0.56,0.43,2023-10-06,825,N20,VIIRS,n,2,304.94,3.47,D,0,VIIRS_NOAA20_SP
23.16206,72.49984,336.91,0.4,0.37,2023-10-06,825,N20,VIIRS,n,2,307.81,5.99,D,0,VIIRS_NOAA20_SP
23.18031,77.25159,333.94,0.43,0.46,2023-10-06,825,N20,VIIRS,l,2,307.75,3.73,D,0,VIIRS_NOAA20_SP
23.38573,73.02583,337.27,0.41,0.37,2023-10-06,825,N20,VIIRS,n,2,307.75,7.05,D,0,VIIRS_NOAA20_SP
23.46942,77.95127,341.64,0.48,0.48,2023-10-06,825,N20,VIIRS,n,2,305.97,4.58,D,0,VIIRS_NOAA20_SP
23.76539,77.22939,342.41,0.44,0.46,2023-10-06,825,N20,VIIRS,n,2,308.28,2.03,D,0,VIIRS_NOAA20_SP
23.8015,77.72536,341.91,0.47,0.48,2023-10-06,825,N20,VIIRS,n,2,308.75,4.57,D,0,VIIRS_NOAA20_SP
23.12341,70.11493,337.5,0.39,0.36,2023-10-06,826,N20,VIIRS,n,2,312.44,3.18,D,0,VIIRS_NOAA20_SP
23.36951,70.36036,333.83,0.39,0.36,2023-10-06,826,N20,VIIRS,l,2,307.26,1.28,D,0,VIIRS_NOAA20_SP
23.42717,70.53484,336.95,0.39,0.36,2023-10-06,826,N20,VIIRS,n,2,308.32,2.33,D,0,VIIRS_NOAA20_SP
24.31887,77.60094,338.16,0.47,0.48,2023-10-06,826,N20,VIIRS,n,2,308.94,3.13,D,0,VIIRS_NOAA20_SP
24.44106,77.74612,342.58,0.48,0.48,2023-10-06,826,N20,VIIRS,n,2,312.21,4.26,D,0,VIIRS_NOAA20_SP
24.44167,77.74379,341.96,0.48,0.48,2023-10-06,826,N20,VIIRS,l,2,312.31,7.03,D,0,VIIRS_NOAA20_SP
24.53231,80.39149,333.17,0.36,0.57,2023-10-06,826,N20,VIIRS,n,2,305.22,2.38,D,0,VIIRS_NOAA20_SP
24.62493,76.85921,347.1,0.43,0.46,2023-10-06,826,N20,VIIRS,n,2,309.03,5.16,D,0,VIIRS_NOAA20_SP
24.64127,77.85925,339.37,0.49,0.49,2023-10-06,826,N20,VIIRS,n,2,311.71,3.23,D,0,VIIRS_NOAA20_SP
24.68438,76.40486,340.83,0.4,0.45,2023-10-06,826,N20,VIIRS,n,2,312.78,2.64,D,0,VIIRS_NOAA20_SP
24.75731,76.96844,343.14,0.44,0.46,2023-10-06,826,N20,VIIRS,n,2,312.68,2.75,D,0,VIIRS_NOAA20_SP
24.75816,76.82528,344.52,0.43,0.46,2023-10-06,826,N20,VIIRS,n,2,313.28,4.06,D,0,VIIRS_NOAA20_SP
24.75894,76.82629,338.81,0.43,0.46,2023-10-06,826,N20,VIIRS,l,2,313.22,4.34,D,0,VIIRS_NOAA20_SP
24.77598,77.70914,337.44,0.49,0.48,2023-10-06,826,N20,VIIRS,l,2,312.03,4.78,D,0,VIIRS_NOAA20_SP
24.78191,76.61125,337.7,0.42,0.45,2023-10-06,826,N20,VIIRS,l,2,309.98,2.39,D,0,VIIRS_NOAA20_SP
24.79054,76.50204,338.2,0.41,0.45,2023-10-06,826,N20,VIIRS,n,2,309.96,3.16,D,0,VIIRS_NOAA20_SP
24.79679,76.89918,344.52,0.43,0.46,2023-10-06,826,N20,VIIRS,n,2,307.34,4.58,D,0,VIIRS_NOAA20_SP
24.86143,76.97811,338.38,0.44,0.46,2023-10-06,826,N20,VIIRS,n,2,308.36,2.82,D,0,VIIRS_NOAA20_SP
24.86191,76.98243,332.99,0.44,0.46,2023-10-06,826,N20,VIIRS,l,2,306.11,2.82,D,0,VIIRS_NOAA20_SP
24.88593,76.85231,339.47,0.43,0.46,2023-10-06,826,N20,VIIRS,l,2,311.33,1.85,D,0,VIIRS_NOAA20_SP
24.91408,76.91391,343.35,0.44,0.46,2023-10-06,826,N20,VIIRS,n,2,312.75,5.22,D,0,VIIRS_NOAA20_SP
24.95086,76.93539,340.73,0.44,0.46,2023-10-06,826,N20,VIIRS,n,2,310.77,2.99,D,0,VIIRS_NOAA20_SP
24.98463,76.50531,337.89,0.41,0.45,2023-10-06,826,N20,VIIRS,l,2,311.27,2.81,D,0,VIIRS_NOAA20_SP
24.99403,77.08949,342.91,0.45,0.47,2023-10-06,826,N20,VIIRS,n,2,310.0,4.4,D,0,VIIRS_NOAA20_SP
25.03071,76.54102,337.34,0.42,0.45,2023-10-06,826,N20,VIIRS,l,2,311.22,3.28,D,0,VIIRS_NOAA20_SP
25.05445,76.50896,336.34,0.41,0.45,2023-10-06,826,N20,VIIRS,n,2,309.72,1.51,D,0,VIIRS_NOAA20_SP
25.05976,76.33104,339.92,0.4,0.45,2023-10-06,826,N20,VIIRS,l,2,313.73,3.43,D,0,VIIRS_NOAA20_SP
25.06925,76.6924,345.71,0.42,0.46,2023-10-06,826,N20,VIIRS,n,2,312.37,5.19,D,0,VIIRS_NOAA20_SP
25.07794,76.27183,340.51,0.4,0.44,2023-10-06,826,N20,VIIRS,n,2,313.09,1.61,D,0,VIIRS_NOAA20_SP
25.11696,76.03175,343.77,0.39,0.44,2023-10-06,826,N20,VIIRS,l,2,314.08,5.5,D,0,VIIRS_NOAA20_SP
25.11866,76.86344,339.31,0.44,0.46,2023-10-06,826,N20,VIIRS,n,2,309.88,1.72,D,0,VIIRS_NOAA20_SP
25.14285,76.07945,341.36,0.39,0.44,2023-10-06,826,N20,VIIRS,l,2,313.68,3.43,D,0,VIIRS_NOAA20_SP
25.15989,76.12085,341.86,0.39,0.44,2023-10-06,826,N20,VIIRS,n,2,314.06,3.53,D,0,VIIRS_NOAA20_SP
25.1953,76.35864,337.85,0.41,0.45,2023-10-06,826,N20,VIIRS,l,2,312.16,2.21,D,0,VIIRS_NOAA20_SP
25.24818,69.71706,335.82,0.39,0.36,2023-10-06,826,N20,VIIRS,l,2,306.94,2.23,D,0,VIIRS_NOAA20_SP
25.26424,76.05903,335.75,0.39,0.44,2023-10-06,826,N20,VIIRS,l,2,310.39,1.75,D,0,VIIRS_NOAA20_SP
25.2646,76.24343,336.98,0.4,0.44,2023-10-06,826,N20,VIIRS,l,2,311.15,3.3,D,0,VIIRS_NOAA20_SP
25.26667,75.23138,338.07,0.53,0.42,2023-10-06,826,N20,VIIRS,n,2,310.66,1.58,D,0,VIIRS_NOAA20_SP
25.27301,76.43121,341.05,0.41,0.45,2023-10-06,826,N20,VIIRS,l,2,312.5,2.67,D,0,VIIRS_NOAA20_SP
25.30377,76.40639,346.33,0.41,0.45,2023-10-06,826,N20,VIIRS,n,2,312.34,3.28,D,0,VIIRS_NOAA20_SP
25.30469,76.41455,340.48,0.41,0.45,2023-10-06,826,N20,VIIRS,l,2,312.73,4.53,D,0,VIIRS_NOAA20_SP
25.30515,76.41863,342.81,0.41,0.45,2023-10-06,826,N20,VIIRS,n,2,312.35,3.27,D,0,VIIRS_NOAA20_SP
25.31856,76.50059,338.44,0.42,0.45,2023-10-06,826,N20,VIIRS,l,2,313.43,4.66,D,0,VIIRS_NOAA20_SP
25.32186,76.27236,339.41,0.4,0.45,2023-10-06,826,N20,VIIRS,n,2,311.9,2.16,D,0,VIIRS_NOAA20_SP
25.3262,76.38272,344.19,0.41,0.45,2023-10-06,826,N20,VIIRS,n,2,312.67,3.52,D,0,VIIRS_NOAA20_SP
25.33997,76.39326,345.5,0.41,0.45,2023-10-06,826,N20,VIIRS,n,2,312.61,3.83,D,0,VIIRS_NOAA20_SP
25.34677,76.2402,341.57,0.4,0.44,2023-10-06,826,N20,VIIRS,l,2,312.52,1.94,D,0,VIIRS_NOAA20_SP
25.3663,76.43966,340.89,0.41,0.45,2023-10-06,826,N20,VIIRS,n,2,313.25,2.69,D,0,VIIRS_NOAA20_SP
25.39625,75.88354,347.58,0.38,0.44,2023-10-06,826,N20,VIIRS,n,2,312.23,3.89,D,0,VIIRS_NOAA20_SP
25.39901,76.44777,344.46,0.41,0.45,2023-10-06,826,N20,VIIRS,n,2,314.12,5.89,D,0,VIIRS_NOAA20_SP
25.40085,76.46434,342.77,0.42,0.45,2023-10-06,826,N20,VIIRS,n,2,313.54,4.06,D,0,VIIRS_NOAA20_SP
25.40449,76.27325,343.01,0.41,0.45,2023-10-06,826,N20,VIIRS,n,2,312.18,3.05,D,0,VIIRS_NOAA20_SP
25.50054,76.43477,342.38,0.42,0.45,2023-10-06,826,N20,VIIRS,l,2,314.08,3.87,D,0,VIIRS_NOAA20_SP
25.51201,78.76961,342.6,0.58,0.52,2023-10-06,826,N20,VIIRS,n,2,309.23,12.98,D,0,VIIRS_NOAA20_SP
25.51272,78.77195,355.85,0.58,0.52,2023-10-06,826,N20,VIIRS,n,2,307.6,12.04,D,0,VIIRS_NOAA20_SP
25.57304,76.34663,338.93,0.41,0.45,2023-10-06,826,N20,VIIRS,l,2,313.25,3.06,D,0,VIIRS_NOAA20_SP
25.62109,69.47198,331.41,0.39,0.36,2023-10-06,826,N20,VIIRS,l,2,306.02,1.54,D,0,VIIRS_NOAA20_SP
25.63287,68.82732,331.38,0.4,0.37,2023-10-06,826,N20,VIIRS,l,2,306.06,2.02,D,0,VIIRS_NOAA20_SP
25.66635,80.32975,337.13,0.36,0.58,2023-10-06,826,N20,VIIRS,n,2,308.83,2.0,D,0,VIIRS_NOAA20_SP
25.70435,68.84167,331.88,0.4,0.37,2023-10-06,826,N20,VIIRS,l,2,305.46,1.86,D,0,VIIRS_NOAA20_SP
25.993,68.67018,336.92,0.4,0.37,2023-10-06,826,N20,VIIRS,n,2,309.99,3.22,D,0,VIIRS_NOAA20_SP
26.01558,68.18739,335.34,0.41,0.37,2023-10-06,826,N20,VIIRS,l,2,310.25,1.64,D,0,VIIRS_NOAA20_SP
26.08355,79.0889,340.74,0.61,0.54,2023-10-06,826,N20,VIIRS,n,2,309.22,8.03,D,0,VIIRS_NOAA20_SP
26.18778,68.82432,336.84,0.4,0.37,2023-10-06,826,N20,VIIRS,n,2,308.97,2.84,D,0,VIIRS_NOAA20_SP
26.24787,76.48171,339.56,0.43,0.46,2023-10-06,826,N20,VIIRS,l,2,313.05,3.83,D,0,VIIRS_NOAA20_SP
26.25946,77.53689,336.72,0.49,0.49,2023-10-06,826,N20,VIIRS,l,2,308.85,2.1,D,0,VIIRS_NOAA20_SP
26.3244,77.68145,343.02,0.5,0.49,2023-10-06,826,N20,VIIRS,n,2,310.02,8.11,D,0,VIIRS_NOAA20_SP
26.64057,75.92085,343.5,0.4,0.44,2023-10-06,826,N20,VIIRS,n,2,312.14,3.11,D,0,VIIRS_NOAA20_SP
26.97491,79.4437,330.85,0.33,0.55,2023-10-06,826,N20,VIIRS,l,2,303.13,1.8,D,0,VIIRS_NOAA20_SP
27.47493,77.52859,333.72,0.51,0.49,2023-10-06,826,N20,VIIRS,l,2,307.12,4.72,D,0,VIIRS_NOAA20_SP
26.86406,68.89821,343.5,0.39,0.36,2023-10-06,827,N20,VIIRS,n,2,314.45,4.84,D,0,VIIRS_NOAA20_SP
27.21094,68.3709,334.33,0.4,0.37,2023-10-06,827,N20,VIIRS,l,2,308.25,2.36,D,0,VIIRS_NOAA20_SP
27.73863,77.61269,342.92,0.52,0.5,2023-10-06,827,N20,VIIRS,n,2,309.3,3.81,D,0,VIIRS_NOAA20_SP
27.73866,77.61529,342.56,0.52,0.5,2023-10-06,827,N20,VIIRS,n,2,309.74,6.06,D,0,VIIRS_NOAA20_SP
27.76359,77.30287,332.25,0.5,0.49,2023-10-06,827,N20,VIIRS,l,2,307.25,3.02,D,0,VIIRS_NOAA20_SP
27.79061,77.2996,334.28,0.5,0.49,2023-10-06,827,N20,VIIRS,l,2,308.23,2.12,D,0,VIIRS_NOAA20_SP
27.96911,77.78221,342.06,0.54,0.5,2023-10-06,827,N20,VIIRS,n,2,306.54,6.14,D,0,VIIRS_NOAA20_SP
27.97234,77.78481,342.27,0.54,0.51,2023-10-06,827,N20,VIIRS,n,2,307.06,7.36,D,0,VIIRS_NOAA20_SP
27.97377,77.78168,330.77,0.54,0.5,2023-10-06,827,N20,VIIRS,l,2,303.77,6.14,D,0,VIIRS_NOAA20_SP
28.00329,77.5686,341.99,0.52,0.5,2023-10-06,827,N20,VIIRS,n,2,306.95,6.07,D,0,VIIRS_NOAA20_SP
28.05119,69.3681,337.58,0.39,0.36,2023-10-06,827,N20,VIIRS,n,2,311.94,3.46,D,2,VIIRS_NOAA20_SP
28.17304,77.30904,337.39,0.5,0.49,2023-10-06,827,N20,VIIRS,n,2,306.94,7.09,D,0,VIIRS_NOAA20_SP
28.18356,79.10137,332.67,0.32,0.55,2023-10-06,827,N20,VIIRS,n,2,303.96,2.48,D,0,VIIRS_NOAA20_SP
28.48422,76.80721,336.1,0.47,0.48,2023-10-06,827,N20,VIIRS,l,2,308.89,3.7,D,0,VIIRS_NOAA20_SP
28.51019,76.75654,335.22,0.47,0.48,2023-10-06,827,N20,VIIRS,n,2,308.25,2.36,D,0,VIIRS_NOAA20_SP
28.56079,78.59024,335.45,0.61,0.53,2023-10-06,827,N20,VIIRS,l,2,306.32,6.15,D,0,VIIRS_NOAA20_SP
28.56398,78.5908,342.29,0.61,0.53,2023-10-06,827,N20,VIIRS,n,2,306.5,7.17,D,0,VIIRS_NOAA20_SP
28.8511,79.9073,336.99,0.37,0.58,2023-10-06,827,N20,VIIRS,n,2,294.32,2.4,D,0,VIIRS_NOAA20_SP
28.90476,79.32007,331.15,0.34,0.56,2023-10-06,827,N20,VIIRS,n,2,297.73,1.68,D,0,VIIRS_NOAA20_SP
28.90555,70.44202,335.36,0.39,0.36,2023-10-06,827,N20,VIIRS,n,2,309.35,2.04,D,0,VIIRS_NOAA20_SP
28.91535,79.85757,367.0,0.37,0.58,2023-10-06,827,N20,VIIRS,h,2,298.52,6.59,D,0,VIIRS_NOAA20_SP
28.92041,79.85324,336.33,0.37,0.58,2023-10-06,827,N20,VIIRS,n,2,296.51,3.95,D,0,VIIRS_NOAA20_SP
29.22453,70.67812,335.66,0.39,0.36,2023-10-06,827,N20,VIIRS,l,2,309.77,1.76,D,0,VIIRS_NOAA20_SP
29.25309,76.30293,335.3,0.45,0.47,2023-10-06,827,N20,VIIRS,n,2,307.47,2.45,D,0,VIIRS_NOAA20_SP
29.35998,68.68442,343.81,0.39,0.36,2023-10-06,827,N20,VIIRS,l,2,314.26,4.24,D,0,VIIRS_NOAA20_SP
29.37877,75.69247,339.3,0.42,0.45,2023-10-06,827,N20,VIIRS,n,2,307.96,1.92,D,0,VIIRS_NOAA20_SP
29.43784,75.5367,341.21,0.41,0.45,2023-10-06,827,N20,VIIRS,n,2,305.32,4.16,D,0,VIIRS_NOAA20_SP
29.44004,76.12251,345.45,0.44,0.46,2023-10-06,827,N20,VIIRS,n,2,306.44,6.15,D,0,VIIRS_NOAA20_SP
29.44967,73.96899,335.76,0.51,0.41,2023-10-06,827,N20,VIIRS,l,2,307.53,3.79,D,0,VIIRS_NOAA20_SP
29.45678,71.59322,338.56,0.41,0.37,2023-10-06,827,N20,VIIRS,n,2,307.86,7.34,D,0,VIIRS_NOAA20_SP
29.45739,76.29444,338.87,0.45,0.47,2023-10-06,827,N20,VIIRS,n,2,306.59,3.98,D,0,VIIRS_NOAA20_SP
29.4638,75.97655,341.31,0.44,0.46,2023-10-06,827,N20,VIIRS,n,2,305.83,4.18,D,0,VIIRS_NOAA20_SP
29.46549,75.79141,337.84,0.43,0.46,2023-10-06,827,N20,VIIRS,n,2,307.88,4.04,D,0,VIIRS_NOAA20_SP
29.47157,75.7603,330.69,0.42,0.45,2023-10-06,827,N20,VIIRS,l,2,305.14,1.65,D,0,VIIRS_NOAA20_SP
29.51905,74.49402,337.83,0.54,0.42,2023-10-06,827,N20,VIIRS,l,2,309.53,5.45,D,0,VIIRS_NOAA20_SP
29.52285,70.98602,335.49,0.4,0.37,2023-10-06,827,N20,VIIRS,l,2,308.03,3.08,D,0,VIIRS_NOAA20_SP
29.53744,75.94507,331.27,0.43,0.46,2023-10-06,827,N20,VIIRS,l,2,305.24,1.81,D,0,VIIRS_NOAA20_SP
29.54317,75.33528,347.25,0.4,0.44,2023-10-06,827,N20,VIIRS,n,2,303.12,8.35,D,0,VIIRS_NOAA20_SP
29.57027,75.80959,340.19,0.43,0.46,2023-10-06,827,N20,VIIRS,n,2,303.34,2.82,D,0,VIIRS_NOAA20_SP
29.66953,75.81486,340.83,0.43,0.46,2023-10-06,827,N20,VIIRS,n,2,304.92,2.74,D,0,VIIRS_NOAA20_SP
29.67146,75.95553,331.18,0.44,0.46,2023-10-06,827,N20,VIIRS,n,2,303.11,3.83,D,0,VIIRS_NOAA20_SP
29.69705,76.42085,340.24,0.47,0.47,2023-10-06,827,N20,VIIRS,n,2,304.22,3.17,D,0,VIIRS_NOAA20_SP
29.71068,75.92397,338.65,0.44,0.46,2023-10-06,827,N20,VIIRS,n,2,304.69,3.94,D,0,VIIRS_NOAA20_SP
29.71514,76.09946,332.4,0.45,0.47,2023-10-06,827,N20,VIIRS,n,2,302.75,2.64,D,0,VIIRS_NOAA20_SP
29.71712,76.10258,338.34,0.45,0.47,2023-10-06,827,N20,VIIRS,n,2,303.09,2.18,D,0,VIIRS_NOAA20_SP
29.72718,75.91721,350.66,0.44,0.46,2023-10-06,827,N20,VIIRS,n,2,308.61,12.03,D,0,VIIRS_NOAA20_SP
29.73142,75.91666,334.79,0.44,0.46,2023-10-06,827,N20,VIIRS,n,2,308.41,3.24,D,0,VIIRS_NOAA20_SP
29.75023,75.93251,330.99,0.44,0.46,2023-10-06,827,N20,VIIRS,n,2,303.25,1.34,D,0,VIIRS_NOAA20_SP
29.76569,76.04144,354.54,0.44,0.46,2023-10-06,827,N20,VIIRS,n,2,303.43,11.16,D,0,VIIRS_NOAA20_SP
29.7899,76.02435,341.01,0.44,0.46,2023-10-06,827,N20,VIIRS,n,2,304.21,7.13,D,0,VIIRS_NOAA20_SP
29.7995,75.37796,345.83,0.41,0.45,2023-10-06,827,N20,VIIRS,n,2,304.92,4.94,D,0,VIIRS_NOAA20_SP
29.84994,69.84509,346.8,0.39,0.36,2023-10-06,827,N20,VIIRS,n,2,313.59,4.0,D,0,VIIRS_NOAA20_SP
29.92243,75.94506,334.68,0.44,0.46,2023-10-06,827,N20,VIIRS,n,2,302.42,4.07,D,0,VIIRS_NOAA20_SP
29.92369,75.94841,334.15,0.44,0.46,2023-10-06,827,N20,VIIRS,n,2,301.65,2.39,D,0,VIIRS_NOAA20_SP
29.98243,76.02566,367.0,0.44,0.46,2023-10-06,827,N20,VIIRS,h,2,306.1,8.6,D,0,VIIRS_NOAA20_SP
29.9867,76.0251,347.46,0.44,0.46,2023-10-06,827,N20,VIIRS,n,2,307.47,8.6,D,0,VIIRS_NOAA20_SP
30.01262,73.33848,337.14,0.48,0.4,2023-10-06,827,N20,VIIRS,l,2,311.77,19.47,D,0,VIIRS_NOAA20_SP
30.0163,73.33789,345.88,0.48,0.4,2023-10-06,827,N20,VIIRS,n,2,306.88,19.47,D,0,VIIRS_NOAA20_SP
30.04485,77.19363,331.85,0.52,0.5,2023-10-06,827,N20,VIIRS,n,2,302.28,2.59,D,0,VIIRS_NOAA20_SP
30.068,76.80009,334.05,0.49,0.49,2023-10-06,827,N20,VIIRS,n,2,305.24,2.71,D,0,VIIRS_NOAA20_SP
30.08004,71.52776,341.28,0.41,0.37,2023-10-06,827,N20,VIIRS,n,2,306.45,6.4,D,0,VIIRS_NOAA20_SP
30.14375,76.85686,342.01,0.5,0.49,2023-10-06,827,N20,VIIRS,n,2,304.5,6.08,D,0,VIIRS_NOAA20_SP
30.2111,76.30552,330.17,0.46,0.47,2023-10-06,827,N20,VIIRS,n,2,301.51,3.08,D,0,VIIRS_NOAA20_SP
30.22938,75.63404,335.97,0.43,0.46,2023-10-06,827,N20,VIIRS,n,2,304.03,4.41,D,0,VIIRS_NOAA20_SP
30.23358,75.63348,339.97,0.43,0.46,2023-10-06,827,N20,VIIRS,n,2,304.17,4.41,D,0,VIIRS_NOAA20_SP
30.25175,76.18347,346.98,0.46,0.47,2023-10-06,827,N20,VIIRS,n,2,305.05,9.11,D,0,VIIRS_NOAA20_SP
30.25301,73.32598,333.7,0.49,0.4,2023-10-06,827,N20,VIIRS,n,2,302.68,2.82,D,0,VIIRS_NOAA20_SP
30.26232,72.94859,330.21,0.47,0.4,2023-10-06,827,N20,VIIRS,l,2,304.36,2.44,D,0,VIIRS_NOAA20_SP
30.27502,72.58167,346.61,0.45,0.39,2023-10-06,827,N20,VIIRS,n,2,308.28,8.51,D,0,VIIRS_NOAA20_SP
30.29552,76.48367,331.61,0.48,0.48,2023-10-06,827,N20,VIIRS,n,2,304.97,4.11,D,0,VIIRS_NOAA20_SP
30.2995,73.2237,330.92,0.48,0.4,2023-10-06,827,N20,VIIRS,l,2,304.64,1.8,D,0,VIIRS_NOAA20_SP
30.31921,76.00957,338.01,0.45,0.47,2023-10-06,827,N20,VIIRS,n,2,300.95,5.8,D,0,VIIRS_NOAA20_SP
30.32332,76.26913,331.71,0.46,0.47,2023-10-06,827,N20,VIIRS,n,2,303.34,3.39,D,0,VIIRS_NOAA20_SP
30.3319,73.30552,333.93,0.49,0.4,2023-10-06,827,N20,VIIRS,l,2,305.66,2.72,D,0,VIIRS_NOAA20_SP
30.34459,73.5377,334.1,0.5,0.41,2023-10-06,827,N20,VIIRS,n,2,303.68,9.6,D,0,VIIRS_NOAA20_SP
30.3496,73.51585,335.88,0.5,0.41,2023-10-06,827,N20,VIIRS,n,2,306.21,3.44,D,0,VIIRS_NOAA20_SP
30.36604,73.12865,330.6,0.48,0.4,2023-10-06,827,N20,VIIRS,n,2,304.84,2.38,D,0,VIIRS_NOAA20_SP
30.37257,74.83658,339.99,0.39,0.44,2023-10-06,827,N20,VIIRS,n,2,304.01,4.29,D,0,VIIRS_NOAA20_SP
30.37567,76.26247,337.21,0.46,0.47,2023-10-06,827,N20,VIIRS,n,2,301.32,4.42,D,0,VIIRS_NOAA20_SP
30.3761,76.25915,341.49,0.46,0.47,2023-10-06,827,N20,VIIRS,n,2,302.16,6.46,D,0,VIIRS_NOAA20_SP
30.40579,73.36813,339.7,0.49,0.4,2023-10-06,827,N20,VIIRS,n,2,304.73,3.74,D,0,VIIRS_NOAA20_SP
30.40654,77.1429,330.28,0.52,0.5,2023-10-06,827,N20,VIIRS,n,2,303.49,3.41,D,0,VIIRS_NOAA20_SP
30.40949,73.36756,340.66,0.49,0.4,2023-10-06,827,N20,VIIRS,n,2,305.38,6.56,D,0,VIIRS_NOAA20_SP
30.41525,73.51307,334.29,0.5,0.41,2023-10-06,827,N20,VIIRS,n,2,304.53,2.66,D,0,VIIRS_NOAA20_SP
30.41743,73.40269,335.28,0.49,0.4,2023-10-06,827,N20,VIIRS,n,2,305.53,5.15,D,0,VIIRS_NOAA20_SP
30.42979,73.63818,331.07,0.5,0.41,2023-10-06,827,N20,VIIRS,n,2,303.47,2.06,D,0,VIIRS_NOAA20_SP
30.44075,73.73321,336.64,0.51,0.41,2023-10-06,827,N20,VIIRS,n,2,305.44,5.0,D,0,VIIRS_NOAA20_SP
30.46086,73.74092,337.19,0.51,0.41,2023-10-06,827,N20,VIIRS,n,2,307.54,4.4,D,0,VIIRS_NOAA20_SP
30.46464,73.74033,339.04,0.51,0.41,2023-10-06,827,N20,VIIRS,n,2,304.1,4.4,D,0,VIIRS_NOAA20_SP
30.46868,73.57884,330.25,0.5,0.41,2023-10-06,827,N20,VIIRS,l,2,303.56,3.21,D,0,VIIRS_NOAA20_SP
30.47876,73.26599,334.81,0.49,0.4,2023-10-06,827,N20,VIIRS,l,2,305.43,5.3,D,0,VIIRS_NOAA20_SP
30.47979,73.26348,336.94,0.49,0.4,2023-10-06,827,N20,VIIRS,n,2,306.66,10.6,D,0,VIIRS_NOAA20_SP
30.48141,72.97642,332.52,0.47,0.4,2023-10-06,827,N20,VIIRS,l,2,305.63,1.83,D,0,VIIRS_NOAA20_SP
30.48245,73.2654,334.52,0.49,0.4,2023-10-06,827,N20,VIIRS,n,2,304.19,5.15,D,0,VIIRS_NOAA20_SP
30.50117,73.59509,334.12,0.5,0.41,2023-10-06,827,N20,VIIRS,n,2,304.75,1.81,D,0,VIIRS_NOAA20_SP
30.50173,73.50486,342.28,0.5,0.41,2023-10-06,827,N20,VIIRS,n,2,307.59,6.36,D,0,VIIRS_NOAA20_SP
30.50619,77.01838,339.2,0.52,0.5,2023-10-06,827,N20,VIIRS,n,2,301.67,5.56,D,0,VIIRS_NOAA20_SP
30.51502,73.74344,334.61,0.51,0.41,2023-10-06,827,N20,VIIRS,n,2,303.5,3.77,D,0,VIIRS_NOAA20_SP
30.51692,73.8248,335.36,0.52,0.41,2023-10-06,827,N20,VIIRS,n,2,305.83,9.01,D,0,VIIRS_NOAA20_SP
30.52071,73.82422,341.77,0.52,0.41,2023-10-06,827,N20,VIIRS,n,2,306.55,9.01,D,0,VIIRS_NOAA20_SP
30.54219,73.74754,332.6,0.51,0.41,2023-10-06,827,N20,VIIRS,l,2,307.29,4.08,D,0,VIIRS_NOAA20_SP
30.54247,76.77271,341.29,0.5,0.49,2023-10-06,827,N20,VIIRS,n,2,303.16,7.58,D,0,VIIRS_NOAA20_SP
30.54277,73.75002,338.57,0.51,0.41,2023-10-06,827,N20,VIIRS,n,2,307.63,3.22,D,0,VIIRS_NOAA20_SP
30.54412,76.77053,343.78,0.5,0.49,2023-10-06,827,N20,VIIRS,n,2,304.05,7.52,D,0,VIIRS_NOAA20_SP
30.55208,75.85546,346.66,0.44,0.46,2023-10-06,827,N20,VIIRS,n,2,303.47,5.6,D,0,VIIRS_NOAA20_SP
30.5553,75.85631,339.75,0.44,0.46,2023-10-06,827,N20,VIIRS,n,2,301.94,2.32,D,0,VIIRS_NOAA20_SP
30.56962,73.58714,335.73,0.5,0.41,2023-10-06,827,N20,VIIRS,n,2,304.24,4.76,D,0,VIIRS_NOAA20_SP
30.57401,76.60475,340.85,0.49,0.48,2023-10-06,827,N20,VIIRS,n,2,303.05,11.43,D,0,VIIRS_NOAA20_SP
30.57714,73.88454,333.23,0.52,0.42,2023-10-06,827,N20,VIIRS,l,2,304.03,2.01,D,0,VIIRS_NOAA20_SP
30.57863,76.79806,341.62,0.5,0.49,2023-10-06,827,N20,VIIRS,n,2,304.05,5.12,D,0,VIIRS_NOAA20_SP
30.58029,73.32746,335.28,0.49,0.4,2023-10-06,827,N20,VIIRS,n,2,305.31,5.19,D,0,VIIRS_NOAA20_SP
30.58324,73.70327,340.4,0.51,0.41,2023-10-06,827,N20,VIIRS,n,2,308.28,6.68,D,0,VIIRS_NOAA20_SP
30.59466,76.82268,341.86,0.5,0.49,2023-10-06,827,N20,VIIRS,n,2,304.23,11.17,D,0,VIIRS_NOAA20_SP
30.60016,73.7822,335.37,0.51,0.41,2023-10-06,827,N20,VIIRS,n,2,304.75,4.05,D,0,VIIRS_NOAA20_SP
30.60725,76.81054,334.31,0.5,0.49,2023-10-06,827,N20,VIIRS,n,2,304.05,1.11,D,0,VIIRS_NOAA20_SP
30.6292,73.70163,340.17,0.51,0.41,2023-10-06,827,N20,VIIRS,l,2,312.78,29.55,D,0,VIIRS_NOAA20_SP
30.63068,72.26733,334.98,0.44,0.39,2023-10-06,827,N20,VIIRS,l,2,307.0,8.73,D,0,VIIRS_NOAA20_SP
30.63559,73.82059,336.31,0.52,0.41,2023-10-06,827,N20,VIIRS,n,2,304.54,4.39,D,0,VIIRS_NOAA20_SP
30.63761,73.74174,334.82,0.51,0.41,2023-10-06,827,N20,VIIRS,n,2,307.88,2.94,D,0,VIIRS_NOAA20_SP
30.64577,73.87411,335.27,0.52,0.42,2023-10-06,827,N20,VIIRS,n,2,304.83,4.73,D,0,VIIRS_NOAA20_SP
30.64656,73.51976,333.0,0.5,0.41,2023-10-06,827,N20,VIIRS,n,2,304.45,3.54,D,0,VIIRS_NOAA20_SP
30.65973,73.73289,334.87,0.51,0.41,2023-10-06,827,N20,VIIRS,n,2,304.87,8.58,D,0,VIIRS_NOAA20_SP
30.67608,73.94531,335.81,0.53,0.42,2023-10-06,827,N20,VIIRS,n,2,305.06,6.84,D,0,VIIRS_NOAA20_SP
30.6852,73.88831,343.72,0.52,0.42,2023-10-06,827,N20,VIIRS,n,2,309.01,19.79,D,0,VIIRS_NOAA20_SP
30.68913,72.97251,345.9,0.47,0.4,2023-10-06,827,N20,VIIRS,n,2,307.51,11.72,D,0,VIIRS_NOAA20_SP
30.69555,73.80946,335.0,0.52,0.41,2023-10-06,827,N20,VIIRS,n,2,306.17,4.26,D,0,VIIRS_NOAA20_SP
30.7046,73.52668,331.04,0.5,0.41,2023-10-06,827,N20,VIIRS,l,2,305.67,2.76,D,0,VIIRS_NOAA20_SP
30.70644,73.70394,330.07,0.51,0.41,2023-10-06,827,N20,VIIRS,n,2,304.75,1.34,D,0,VIIRS_NOAA20_SP
30.70951,73.79633,342.73,0.52,0.41,2023-10-06,827,N20,VIIRS,n,2,308.13,21.17,D,0,VIIRS_NOAA20_SP
30.7125,73.92306,343.76,0.52,0.42,2023-10-06,827,N20,VIIRS,n,2,306.97,15.2,D,0,VIIRS_NOAA20_SP
30.73731,74.67149,339.6,0.57,0.43,2023-10-06,827,N20,VIIRS,n,2,305.54,7.73,D,0,VIIRS_NOAA20_SP
30.7392,74.66991,334.08,0.57,0.43,2023-10-06,827,N20,VIIRS,n,2,303.06,3.77,D,0,VIIRS_NOAA20_SP
30.7412,73.83553,333.92,0.52,0.41,2023-10-06,827,N20,VIIRS,n,2,308.23,6.61,D,0,VIIRS_NOAA20_SP
30.74183,73.84095,334.64,0.52,0.42,2023-10-06,827,N20,VIIRS,n,2,306.36,6.22,D,0,VIIRS_NOAA20_SP
30.74712,73.6247,332.26,0.51,0.41,2023-10-06,827,N20,VIIRS,l,2,305.76,2.62,D,0,VIIRS_NOAA20_SP
30.75296,73.74334,344.94,0.51,0.41,2023-10-06,827,N20,VIIRS,n,2,307.15,6.5,D,0,VIIRS_NOAA20_SP
30.75379,73.74574,338.28,0.51,0.41,2023-10-06,827,N20,VIIRS,n,2,306.9,6.59,D,0,VIIRS_NOAA20_SP
30.75648,74.1365,330.5,0.54,0.42,2023-10-06,827,N20,VIIRS,l,2,304.04,3.45,D,0,VIIRS_NOAA20_SP
30.76014,73.84125,333.27,0.52,0.42,2023-10-06,827,N20,VIIRS,l,2,305.79,4.09,D,0,VIIRS_NOAA20_SP
30.76153,73.84349,333.54,0.52,0.42,2023-10-06,827,N20,VIIRS,n,2,306.26,3.3,D,0,VIIRS_NOAA20_SP
30.76295,74.05587,331.46,0.53,0.42,2023-10-06,827,N20,VIIRS,n,2,303.71,2.59,D,0,VIIRS_NOAA20_SP
30.76678,73.76312,343.24,0.52,0.41,2023-10-06,827,N20,VIIRS,n,2,306.39,3.8,D,0,VIIRS_NOAA20_SP
30.77058,73.76254,340.71,0.52,0.41,2023-10-06,827,N20,VIIRS,n,2,306.04,4.61,D,0,VIIRS_NOAA20_SP
30.78525,73.92638,333.27,0.53,0.42,2023-10-06,827,N20,VIIRS,n,2,304.84,5.21,D,0,VIIRS_NOAA20_SP
30.78539,74.01293,334.29,0.53,0.42,2023-10-06,827,N20,VIIRS,l,2,308.2,3.1,D,0,VIIRS_NOAA20_SP
30.78924,74.01236,334.78,0.53,0.42,2023-10-06,827,N20,VIIRS,l,2,305.05,3.1,D,0,VIIRS_NOAA20_SP
30.7907,74.00979,340.36,0.53,0.42,2023-10-06,827,N20,VIIRS,n,2,305.72,7.19,D,0,VIIRS_NOAA20_SP
30.79205,73.7812,340.11,0.52,0.41,2023-10-06,827,N20,VIIRS,n,2,309.48,8.11,D,0,VIIRS_NOAA20_SP
30.80255,74.36743,331.85,0.55,0.43,2023-10-06,827,N20,VIIRS,n,2,304.47,3.14,D,0,VIIRS_NOAA20_SP
30.80922,73.37518,337.4,0.49,0.41,2023-10-06,827,N20,VIIRS,n,2,306.93,3.31,D,0,VIIRS_NOAA20_SP
30.81283,73.86091,345.84,0.52,0.42,2023-10-06,827,N20,VIIRS,n,2,305.61,10.51,D,0,VIIRS_NOAA20_SP
30.8154,73.84942,330.57,0.52,0.42,2023-10-06,827,N20,VIIRS,l,2,305.06,2.44,D,0,VIIRS_NOAA20_SP
30.82282,73.9824,334.92,0.53,0.42,2023-10-06,827,N20,VIIRS,n,2,308.13,5.33,D,0,VIIRS_NOAA20_SP
30.83797,76.29742,335.05,0.47,0.48,2023-10-06,827,N20,VIIRS,n,2,305.24,3.52,D,0,VIIRS_NOAA20_SP
30.84783,73.82786,334.02,0.52,0.42,2023-10-06,827,N20,VIIRS,l,2,305.58,9.42,D,0,VIIRS_NOAA20_SP
30.84911,73.87206,335.03,0.52,0.42,2023-10-06,827,N20,VIIRS,n,2,305.38,5.55,D,0,VIIRS_NOAA20_SP
30.85165,73.82728,333.07,0.52,0.42,2023-10-06,827,N20,VIIRS,l,2,305.4,9.42,D,0,VIIRS_NOAA20_SP
30.87587,73.868,333.51,0.52,0.42,2023-10-06,827,N20,VIIRS,n,2,304.83,5.18,D,0,VIIRS_NOAA20_SP
30.88965,74.18914,330.84,0.54,0.42,2023-10-06,827,N20,VIIRS,n,2,305.28,2.34,D,0,VIIRS_NOAA20_SP
30.89798,74.09023,336.47,0.54,0.42,2023-10-06,827,N20,VIIRS,n,2,307.39,6.26,D,0,VIIRS_NOAA20_SP
30.93276,74.32265,330.92,0.55,0.43,2023-10-06,827,N20,VIIRS,l,2,305.86,1.88,D,0,VIIRS_NOAA20_SP
30.93501,74.5548,331.1,0.57,0.43,2023-10-06,827,N20,VIIRS,n,2,303.87,2.62,D,0,VIIRS_NOAA20_SP
30.99512,76.08681,332.79,0.46,0.47,2023-10-06,827,N20,VIIRS,l,2,306.32,3.42,D,0,VIIRS_NOAA20_SP
31.01509,75.83012,336.4,0.45,0.47,2023-10-06,827,N20,VIIRS,n,2,303.09,4.74,D,0,VIIRS_NOAA20_SP
31.01555,75.83481,334.09,0.45,0.47,2023-10-06,827,N20,VIIRS,n,2,302.92,4.74,D,0,VIIRS_NOAA20_SP
30.81114,73.37799,336.97,0.5,0.41,2023-10-06,828,N20,VIIRS,n,2,306.99,3.97,D,0,VIIRS_NOAA20_SP
30.8352,73.42175,332.49,0.5,0.41,2023-10-06,828,N20,VIIRS,l,2,306.18,3.01,D,0,VIIRS_NOAA20_SP
30.85603,73.24525,331.99,0.49,0.4,2023-10-06,828,N20,VIIRS,n,2,306.06,2.25,D,0,VIIRS_NOAA20_SP
30.86855,73.54455,335.24,0.5,0.41,2023-10-06,828,N20,VIIRS,n,2,306.22,4.69,D,0,VIIRS_NOAA20_SP
30.87887,73.87126,332.81,0.52,0.42,2023-10-06,828,N20,VIIRS,n,2,303.43,2.87,D,0,VIIRS_NOAA20_SP
30.8991,74.08836,340.15,0.54,0.42,2023-10-06,828,N20,VIIRS,n,2,306.57,4.6,D,0,VIIRS_NOAA20_SP
30.90125,74.03672,346.14,0.53,0.42,2023-10-06,828,N20,VIIRS,n,2,308.09,6.45,D,0,VIIRS_NOAA20_SP
30.9325,74.32116,333.44,0.55,0.43,2023-10-06,828,N20,VIIRS,l,2,306.35,4.77,D,0,VIIRS_NOAA20_SP
30.94098,74.32579,338.69,0.55,0.43,2023-10-06,828,N20,VIIRS,n,2,305.77,4.62,D,0,VIIRS_NOAA20_SP
30.9594,74.2761,331.64,0.55,0.43,2023-10-06,828,N20,VIIRS,n,2,306.5,5.5,D,0,VIIRS_NOAA20_SP
30.96004,74.28187,334.68,0.55,0.43,2023-10-06,828,N20,VIIRS,n,2,307.0,7.74,D,0,VIIRS_NOAA20_SP
30.96547,74.15312,336.57,0.54,0.42,2023-10-06,828,N20,VIIRS,n,2,307.03,4.49,D,0,VIIRS_NOAA20_SP
30.97064,74.16393,335.77,0.54,0.42,2023-10-06,828,N20,VIIRS,n,2,306.41,2.29,D,0,VIIRS_NOAA20_SP
30.98231,74.16219,343.15,0.54,0.42,2023-10-06,828,N20,VIIRS,n,2,305.7,8.26,D,0,VIIRS_NOAA20_SP
30.98811,74.24847,331.49,0.55,0.43,2023-10-06,828,N20,VIIRS,l,2,305.32,5.05,D,0,VIIRS_NOAA20_SP
30.98813,74.21349,333.84,0.55,0.42,2023-10-06,828,N20,VIIRS,l,2,306.8,3.4,D,0,VIIRS_NOAA20_SP
30.98878,74.11509,332.02,0.54,0.42,2023-10-06,828,N20,VIIRS,n,2,303.86,3.22,D,0,VIIRS_NOAA20_SP
31.01475,74.2006,344.62,0.55,0.42,2023-10-06,828,N20,VIIRS,n,2,306.43,10.74,D,0,VIIRS_NOAA20_SP
31.01477,74.20374,335.94,0.55,0.42,2023-10-06,828,N20,VIIRS,l,2,306.67,9.68,D,0,VIIRS_NOAA20_SP
31.0245,73.66333,331.9,0.51,0.41,2023-10-06,828,N20,VIIRS,n,2,305.64,2.5,D,0,VIIRS_NOAA20_SP
31.07306,74.29738,335.55,0.55,0.43,2023-10-06,828,N20,VIIRS,l,2,308.13,5.36,D,0,VIIRS_NOAA20_SP
31.08225,74.27247,337.59,0.55,0.43,2023-10-06,828,N20,VIIRS,n,2,306.7,4.71,D,0,VIIRS_NOAA20_SP
31.0966,74.29389,336.11,0.55,0.43,2023-10-06,828,N20,VIIRS,l,2,306.93,4.42,D,0,VIIRS_NOAA20_SP
31.11592,75.18896,342.5,0.41,0.45,2023-10-06,828,N20,VIIRS,n,2,301.73,6.52,D,0,VIIRS_NOAA20_SP
31.12491,74.66062,341.93,0.39,0.44,2023-10-06,828,N20,VIIRS,n,2,309.59,8.22,D,0,VIIRS_NOAA20_SP
31.12535,74.66467,343.49,0.39,0.44,2023-10-06,828,N20,VIIRS,n,2,309.05,8.22,D,0,VIIRS_NOAA20_SP
31.12763,74.61095,335.74,0.38,0.43,2023-10-06,828,N20,VIIRS,n,2,306.03,2.93,D,0,VIIRS_NOAA20_SP
31.12892,74.66005,334.09,0.39,0.44,2023-10-06,828,N20,VIIRS,l,2,308.08,8.22,D,0,VIIRS_NOAA20_SP
31.12936,74.66409,340.77,0.39,0.44,2023-10-06,828,N20,VIIRS,n,2,302.73,8.22,D,0,VIIRS_NOAA20_SP
31.15777,73.55341,330.51,0.51,0.41,2023-10-06,828,N20,VIIRS,l,2,302.64,4.37,D,0,VIIRS_NOAA20_SP
31.15808,73.55627,345.3,0.51,0.41,2023-10-06,828,N20,VIIRS,n,2,305.96,20.36,D,0,VIIRS_NOAA20_SP
31.1584,73.55875,336.0,0.51,0.41,2023-10-06,828,N20,VIIRS,n,2,303.63,7.58,D,0,VIIRS_NOAA20_SP
31.16218,73.55817,334.88,0.51,0.41,2023-10-06,828,N20,VIIRS,n,2,302.54,6.08,D,0,VIIRS_NOAA20_SP
31.21319,75.17528,333.93,0.41,0.45,2023-10-06,828,N20,VIIRS,n,2,303.09,2.94,D,0,VIIRS_NOAA20_SP
31.24893,75.13213,354.32,0.41,0.45,2023-10-06,828,N20,VIIRS,n,2,304.15,10.1,D,0,VIIRS_NOAA20_SP
31.27906,75.18073,339.76,0.41,0.45,2023-10-06,828,N20,VIIRS,n,2,302.54,6.07,D,0,VIIRS_NOAA20_SP
31.28041,70.87127,337.92,0.41,0.37,2023-10-06,828,N20,VIIRS,n,2,305.83,2.95,D,0,VIIRS_NOAA20_SP
31.28799,75.85437,341.64,0.45,0.47,2023-10-06,828,N20,VIIRS,n,2,303.14,9.37,D,0,VIIRS_NOAA20_SP
31.2938,75.16107,330.22,0.41,0.45,2023-10-06,828,N20,VIIRS,n,2,303.25,1.56,D,0,VIIRS_NOAA20_SP
31.31812,75.27306,338.03,0.42,0.45,2023-10-06,828,N20,VIIRS,n,2,306.89,10.87,D,0,VIIRS_NOAA20_SP
31.32969,74.79901,340.45,0.39,0.44,2023-10-06,828,N20,VIIRS,n,2,304.28,3.8,D,0,VIIRS_NOAA20_SP
31.35509,75.08302,341.26,0.41,0.45,2023-10-06,828,N20,VIIRS,n,2,304.94,5.23,D,0,VIIRS_NOAA20_SP
31.36709,75.32568,332.82,0.42,0.45,2023-10-06,828,N20,VIIRS,n,2,303.53,2.43,D,0,VIIRS_NOAA20_SP
31.3714,74.92063,333.57,0.4,0.44,2023-10-06,828,N20,VIIRS,n,2,303.4,5.42,D,0,VIIRS_NOAA20_SP
31.37185,74.92486,339.68,0.4,0.44,2023-10-06,828,N20,VIIRS,n,2,302.69,5.42,D,0,VIIRS_NOAA20_SP
31.38069,75.08822,345.06,0.41,0.45,2023-10-06,828,N20,VIIRS,n,2,306.35,10.77,D,0,VIIRS_NOAA20_SP
31.39992,74.83986,340.15,0.4,0.44,2023-10-06,828,N20,VIIRS,n,2,308.62,18.6,D,0,VIIRS_NOAA20_SP
31.40451,75.03691,343.5,0.41,0.45,2023-10-06,828,N20,VIIRS,n,2,309.03,14.68,D,0,VIIRS_NOAA20_SP
31.43571,74.86574,340.99,0.4,0.44,2023-10-06,828,N20,VIIRS,n,2,302.68,3.09,D,0,VIIRS_NOAA20_SP
31.44869,73.67651,333.59,0.52,0.42,2023-10-06,828,N20,VIIRS,n,2,303.91,3.43,D,0,VIIRS_NOAA20_SP
31.46712,75.55501,339.5,0.44,0.46,2023-10-06,828,N20,VIIRS,n,2,308.15,4.1,D,0,VIIRS_NOAA20_SP
31.48097,73.99473,334.69,0.54,0.42,2023-10-06,828,N20,VIIRS,n,2,303.36,3.76,D,0,VIIRS_NOAA20_SP
31.48763,74.57242,340.59,0.39,0.44,2023-10-06,828,N20,VIIRS,n,2,305.54,3.23,D,0,VIIRS_NOAA20_SP
31.49027,74.57282,341.26,0.39,0.44,2023-10-06,828,N20,VIIRS,n,2,304.99,4.02,D,0,VIIRS_NOAA20_SP
31.50333,75.19647,331.63,0.42,0.45,2023-10-06,828,N20,VIIRS,n,2,301.06,2.6,D,0,VIIRS_NOAA20_SP
31.53819,73.75615,339.82,0.53,0.42,2023-10-06,828,N20,VIIRS,n,2,303.42,5.17,D,0,VIIRS_NOAA20_SP
31.5457,73.82287,330.36,0.53,0.42,2023-10-06,828,N20,VIIRS,l,2,304.97,3.69,D,0,VIIRS_NOAA20_SP
31.54708,74.67184,333.05,0.39,0.44,2023-10-06,828,N20,VIIRS,n,2,303.83,2.33,D,0,VIIRS_NOAA20_SP
31.54887,75.08801,342.34,0.41,0.45,2023-10-06,828,N20,VIIRS,n,2,305.92,4.47,D,0,VIIRS_NOAA20_SP
31.5514,75.29314,340.29,0.42,0.45,2023-10-06,828,N20,VIIRS,n,2,303.88,6.51,D,0,VIIRS_NOAA20_SP
31.55448,75.06083,346.76,0.41,0.45,2023-10-06,828,N20,VIIRS,n,2,305.13,4.98,D,0,VIIRS_NOAA20_SP
31.55684,75.04294,337.67,0.41,0.45,2023-10-06,828,N20,VIIRS,n,2,306.33,2.25,D,0,VIIRS_NOAA20_SP
31.5586,75.06025,349.78,0.41,0.45,2023-10-06,828,N20,VIIRS,n,2,305.26,4.98,D,0,VIIRS_NOAA20_SP
31.575,75.22223,335.97,0.42,0.45,2023-10-06,828,N20,VIIRS,n,2,304.46,3.18,D,0,VIIRS_NOAA20_SP
31.57613,74.75182,341.34,0.39,0.44,2023-10-06,828,N20,VIIRS,n,2,303.25,3.08,D,0,VIIRS_NOAA20_SP
31.57975,74.55912,343.83,0.39,0.44,2023-10-06,828,N20,VIIRS,n,2,305.54,3.57,D,0,VIIRS_NOAA20_SP
31.5851,74.7972,338.5,0.4,0.44,2023-10-06,828,N20,VIIRS,n,2,306.06,2.24,D,0,VIIRS_NOAA20_SP
31.59034,75.33311,341.21,0.42,0.46,2023-10-06,828,N20,VIIRS,n,2,301.9,3.78,D,0,VIIRS_NOAA20_SP
31.59042,74.92507,338.58,0.4,0.44,2023-10-06,828,N20,VIIRS,n,2,304.4,3.54,D,0,VIIRS_NOAA20_SP
31.59473,75.08606,341.69,0.41,0.45,2023-10-06,828,N20,VIIRS,n,2,306.74,2.61,D,0,VIIRS_NOAA20_SP
31.59683,74.7913,330.28,0.4,0.44,2023-10-06,828,N20,VIIRS,l,2,303.65,2.93,D,0,VIIRS_NOAA20_SP
31.60074,74.60164,341.77,0.39,0.44,2023-10-06,828,N20,VIIRS,n,2,306.9,12.91,D,0,VIIRS_NOAA20_SP
31.60215,74.60235,353.5,0.39,0.44,2023-10-06,828,N20,VIIRS,n,2,306.83,12.49,D,0,VIIRS_NOAA20_SP
31.60222,72.8063,332.6,0.48,0.4,2023-10-06,828,N20,VIIRS,n,2,304.19,3.01,D,0,VIIRS_NOAA20_SP
31.6108,75.07943,351.21,0.41,0.45,2023-10-06,828,N20,VIIRS,n,2,306.35,6.54,D,0,VIIRS_NOAA20_SP
31.6148,75.19884,336.18,0.42,0.45,2023-10-06,828,N20,VIIRS,n,2,305.78,3.58,D,0,VIIRS_NOAA20_SP
31.61541,75.04359,333.49,0.41,0.45,2023-10-06,828,N20,VIIRS,l,2,305.73,4.29,D,0,VIIRS_NOAA20_SP
31.61587,75.04792,333.38,0.41,0.45,2023-10-06,828,N20,VIIRS,l,2,304.79,4.29,D,0,VIIRS_NOAA20_SP
31.61952,75.08263,342.34,0.41,0.45,2023-10-06,828,N20,VIIRS,n,2,306.5,7.97,D,0,VIIRS_NOAA20_SP
31.62124,75.22036,347.04,0.42,0.45,2023-10-06,828,N20,VIIRS,n,2,308.02,8.25,D,0,VIIRS_NOAA20_SP
31.62462,72.903,330.93,0.48,0.4,2023-10-06,828,N20,VIIRS,n,2,304.53,2.72,D,0,VIIRS_NOAA20_SP
31.62501,74.97668,339.66,0.41,0.45,2023-10-06,828,N20,VIIRS,n,2,305.3,3.4,D,0,VIIRS_NOAA20_SP
31.63056,73.79623,336.49,0.53,0.42,2023-10-06,828,N20,VIIRS,n,2,304.2,4.39,D,0,VIIRS_NOAA20_SP
31.63648,75.04506,337.72,0.41,0.45,2023-10-06,828,N20,VIIRS,n,2,306.02,3.99,D,0,VIIRS_NOAA20_SP
31.63744,74.58898,340.92,0.39,0.44,2023-10-06,828,N20,VIIRS,n,2,304.73,6.18,D,0,VIIRS_NOAA20_SP
31.6424,74.55921,332.7,0.39,0.44,2023-10-06,828,N20,VIIRS,n,2,304.32,2.58,D,0,VIIRS_NOAA20_SP
31.64466,74.54234,343.93,0.39,0.44,2023-10-06,828,N20,VIIRS,n,2,304.65,6.96,D,0,VIIRS_NOAA20_SP
31.64664,75.03627,341.87,0.41,0.45,2023-10-06,828,N20,VIIRS,n,2,305.21,5.87,D,0,VIIRS_NOAA20_SP
31.64758,75.14971,330.99,0.42,0.45,2023-10-06,828,N20,VIIRS,l,2,303.72,3.89,D,0,VIIRS_NOAA20_SP
31.64838,75.03902,341.54,0.41,0.45,2023-10-06,828,N20,VIIRS,n,2,304.95,4.69,D,0,VIIRS_NOAA20_SP
31.65173,75.14914,344.24,0.42,0.45,2023-10-06,828,N20,VIIRS,n,2,304.71,3.89,D,0,VIIRS_NOAA20_SP
31.65207,75.04871,332.02,0.41,0.45,2023-10-06,828,N20,VIIRS,n,2,303.91,2.03,D,0,VIIRS_NOAA20_SP
31.65528,73.50185,332.37,0.51,0.41,2023-10-06,828,N20,VIIRS,l,2,306.66,3.51,D,0,VIIRS_NOAA20_SP
31.65591,73.50726,331.14,0.51,0.41,2023-10-06,828,N20,VIIRS,l,2,305.25,4.2,D,0,VIIRS_NOAA20_SP
31.65651,72.85659,333.49,0.48,0.4,2023-10-06,828,N20,VIIRS,l,2,304.47,8.44,D,0,VIIRS_NOAA20_SP
31.6581,72.99615,332.01,0.49,0.4,2023-10-06,828,N20,VIIRS,l,2,305.86,4.33,D,0,VIIRS_NOAA20_SP
31.66033,73.51207,330.43,0.51,0.41,2023-10-06,828,N20,VIIRS,l,2,304.89,4.2,D,0,VIIRS_NOAA20_SP
31.66064,72.95411,337.69,0.48,0.4,2023-10-06,828,N20,VIIRS,n,2,306.93,5.19,D,0,VIIRS_NOAA20_SP
31.6618,72.99557,334.93,0.49,0.4,2023-10-06,828,N20,VIIRS,l,2,306.01,4.33,D,0,VIIRS_NOAA20_SP
31.66318,70.78553,342.24,0.41,0.37,2023-10-06,828,N20,VIIRS,n,2,309.67,4.15,D,0,VIIRS_NOAA20_SP
31.66412,75.12669,336.37,0.41,0.45,2023-10-06,828,N20,VIIRS,n,2,304.58,1.65,D,0,VIIRS_NOAA20_SP
31.67832,75.14254,331.86,0.42,0.45,2023-10-06,828,N20,VIIRS,n,2,305.37,3.05,D,0,VIIRS_NOAA20_SP
31.67877,75.14693,335.54,0.42,0.45,2023-10-06,828,N20,VIIRS,n,2,304.92,3.05,D,0,VIIRS_NOAA20_SP
31.68173,73.86836,340.22,0.53,0.42,2023-10-06,828,N20,VIIRS,n,2,308.24,11.22,D,0,VIIRS_NOAA20_SP
31.68796,75.15458,346.36,0.42,0.45,2023-10-06,828,N20,VIIRS,n,2,305.24,5.7,D,0,VIIRS_NOAA20_SP
31.6906,73.54411,333.73,0.52,0.41,2023-10-06,828,N20,VIIRS,n,2,304.06,2.51,D,0,VIIRS_NOAA20_SP
31.69131,73.54591,333.88,0.52,0.41,2023-10-06,828,N20,VIIRS,n,2,304.45,3.0,D,0,VIIRS_NOAA20_SP
31.69194,72.96464,333.86,0.48,0.4,2023-10-06,828,N20,VIIRS,n,2,304.87,2.45,D,0,VIIRS_NOAA20_SP
31.70896,74.99252,334.51,0.41,0.45,2023-10-06,828,N20,VIIRS,l,2,307.42,2.55,D,0,VIIRS_NOAA20_SP
31.71053,75.16938,346.45,0.42,0.45,2023-10-06,828,N20,VIIRS,n,2,304.91,4.31,D,0,VIIRS_NOAA20_SP
31.7128,75.19148,345.17,0.42,0.45,2023-10-06,828,N20,VIIRS,n,2,302.95,4.58,D,0,VIIRS_NOAA20_SP
31.7191,74.42596,335.8,0.57,0.43,2023-10-06,828,N20,VIIRS,n,2,304.97,5.02,D,0,VIIRS_NOAA20_SP
31.71971,73.89135,335.41,0.54,0.42,2023-10-06,828,N20,VIIRS,n,2,304.87,6.27,D,0,VIIRS_NOAA20_SP
31.72149,73.02254,330.56,0.49,0.4,2023-10-06,828,N20,VIIRS,l,2,302.69,2.2,D,0,VIIRS_NOAA20_SP
31.72623,74.64757,341.41,0.39,0.44,2023-10-06,828,N20,VIIRS,n,2,301.76,4.3,D,0,VIIRS_NOAA20_SP
31.72811,75.1357,340.29,0.42,0.45,2023-10-06,828,N20,VIIRS,n,2,304.57,2.64,D,0,VIIRS_NOAA20_SP
31.73207,73.27029,339.5,0.5,0.41,2023-10-06,828,N20,VIIRS,n,2,305.02,3.96,D,0,VIIRS_NOAA20_SP
31.73496,74.9235,334.56,0.4,0.45,2023-10-06,828,N20,VIIRS,n,2,305.23,2.19,D,0,VIIRS_NOAA20_SP
31.74846,74.94398,346.24,0.41,0.45,2023-10-06,828,N20,VIIRS,n,2,307.12,9.48,D,0,VIIRS_NOAA20_SP
31.75011,74.87859,333.96,0.4,0.44,2023-10-06,828,N20,VIIRS,n,2,303.18,2.17,D,0,VIIRS_NOAA20_SP
31.75198,74.73686,338.42,0.4,0.44,2023-10-06,828,N20,VIIRS,n,2,303.02,1.87,D,0,VIIRS_NOAA20_SP
31.76273,73.49973,332.9,0.51,0.41,2023-10-06,828,N20,VIIRS,n,2,302.81,2.23,D,0,VIIRS_NOAA20_SP
31.76374,72.66779,333.81,0.47,0.4,2023-10-06,828,N20,VIIRS,l,2,305.62,3.98,D,0,VIIRS_NOAA20_SP
31.76556,72.7132,333.67,0.47,0.4,2023-10-06,828,N20,VIIRS,n,2,306.68,5.1,D,0,VIIRS_NOAA20_SP
31.7667,74.79876,344.75,0.4,0.44,2023-10-06,828,N20,VIIRS,n,2,303.46,5.66,D,0,VIIRS_NOAA20_SP
31.77076,74.79819,340.11,0.4,0.44,2023-10-06,828,N20,VIIRS,n,2,302.09,5.66,D,0,VIIRS_NOAA20_SP
31.77265,74.93624,337.27,0.41,0.45,2023-10-06,828,N20,VIIRS,n,2,306.95,3.84,D,0,VIIRS_NOAA20_SP
31.77442,74.95345,341.31,0.41,0.45,2023-10-06,828,N20,VIIRS,n,2,306.24,5.91,D,0,VIIRS_NOAA20_SP
31.77498,74.91847,332.86,0.41,0.45,2023-10-06,828,N20,VIIRS,n,2,306.33,2.08,D,0,VIIRS_NOAA20_SP
31.77764,74.74596,333.82,0.4,0.44,2023-10-06,828,N20,VIIRS,n,2,302.23,3.05,D,0,VIIRS_NOAA20_SP
31.78097,74.07864,334.69,0.55,0.43,2023-10-06,828,N20,VIIRS,n,2,303.6,3.95,D,0,VIIRS_NOAA20_SP
31.78444,74.00177,331.99,0.54,0.42,2023-10-06,828,N20,VIIRS,l,2,303.32,3.24,D,0,VIIRS_NOAA20_SP
31.78488,74.07806,334.87,0.55,0.43,2023-10-06,828,N20,VIIRS,n,2,305.32,3.95,D,0,VIIRS_NOAA20_SP
31.79605,73.49212,335.29,0.51,0.41,2023-10-06,828,N20,VIIRS,n,2,302.56,6.35,D,0,VIIRS_NOAA20_SP
31.7983,73.14487,331.27,0.5,0.41,2023-10-06,828,N20,VIIRS,n,2,303.75,3.76,D,0,VIIRS_NOAA20_SP
31.80513,74.81049,331.83,0.4,0.44,2023-10-06,828,N20,VIIRS,n,2,303.17,2.36,D,0,VIIRS_NOAA20_SP
31.80534,73.80207,330.77,0.53,0.42,2023-10-06,828,N20,VIIRS,n,2,304.44,3.49,D,0,VIIRS_NOAA20_SP
31.8065,73.60964,333.7,0.52,0.42,2023-10-06,828,N20,VIIRS,n,2,303.19,5.31,D,0,VIIRS_NOAA20_SP
31.80949,73.61241,340.0,0.52,0.42,2023-10-06,828,N20,VIIRS,n,2,306.79,5.76,D,0,VIIRS_NOAA20_SP
31.8101,73.61792,342.43,0.52,0.42,2023-10-06,828,N20,VIIRS,n,2,304.97,5.76,D,0,VIIRS_NOAA20_SP
31.81096,73.61456,335.98,0.52,0.42,2023-10-06,828,N20,VIIRS,n,2,304.74,5.31,D,0,VIIRS_NOAA20_SP
31.81418,74.85663,337.91,0.4,0.44,2023-10-06,828,N20,VIIRS,n,2,302.75,3.14,D,0,VIIRS_NOAA20_SP
31.81946,74.03169,346.16,0.55,0.42,2023-10-06,828,N20,VIIRS,n,2,306.01,14.42,D,0,VIIRS_NOAA20_SP
31.82101,74.30001,332.86,0.56,0.43,2023-10-06,828,N20,VIIRS,l,2,307.6,4.22,D,0,VIIRS_NOAA20_SP
31.82828,74.91102,338.72,0.41,0.45,2023-10-06,828,N20,VIIRS,n,2,303.92,2.75,D,0,VIIRS_NOAA20_SP
31.84062,74.94861,330.3,0.41,0.45,2023-10-06,828,N20,VIIRS,l,2,301.97,2.15,D,0,VIIRS_NOAA20_SP
31.84151,73.94654,339.2,0.54,0.42,2023-10-06,828,N20,VIIRS,n,2,303.72,4.77,D,0,VIIRS_NOAA20_SP
31.84198,73.94432,339.31,0.54,0.42,2023-10-06,828,N20,VIIRS,n,2,303.75,4.24,D,0,VIIRS_NOAA20_SP
31.85113,73.89288,332.71,0.54,0.42,2023-10-06,828,N20,VIIRS,l,2,303.39,1.96,D,0,VIIRS_NOAA20_SP
31.85252,73.89626,345.03,0.54,0.42,2023-10-06,828,N20,VIIRS,n,2,305.15,6.68,D,0,VIIRS_NOAA20_SP
31.85324,74.41132,333.19,0.57,0.43,2023-10-06,828,N20,VIIRS,n,2,304.79,3.51,D,0,VIIRS_NOAA20_SP
31.85462,74.73194,338.28,0.4,0.44,2023-10-06,828,N20,VIIRS,n,2,301.65,3.67,D,0,VIIRS_NOAA20_SP
31.86122,74.15571,331.51,0.56,0.43,2023-10-06,828,N20,VIIRS,n,2,305.51,2.15,D,0,VIIRS_NOAA20_SP
31.86398,73.71678,337.23,0.53,0.42,2023-10-06,828,N20,VIIRS,n,2,304.88,4.49,D,0,VIIRS_NOAA20_SP
31.86445,73.79081,330.59,0.53,0.42,2023-10-06,828,N20,VIIRS,n,2,305.02,3.09,D,0,VIIRS_NOAA20_SP
31.86782,73.71618,339.97,0.53,0.42,2023-10-06,828,N20,VIIRS,n,2,304.11,4.49,D,0,VIIRS_NOAA20_SP
31.87375,73.52991,335.73,0.52,0.41,2023-10-06,828,N20,VIIRS,l,2,307.23,4.15,D,0,VIIRS_NOAA20_SP
31.88114,74.04982,332.83,0.55,0.43,2023-10-06,828,N20,VIIRS,n,2,304.29,5.27,D,0,VIIRS_NOAA20_SP
31.88446,73.42323,340.58,0.51,0.41,2023-10-06,828,N20,VIIRS,n,2,304.09,6.17,D,0,VIIRS_NOAA20_SP
31.91769,74.31432,336.71,0.57,0.43,2023-10-06,828,N20,VIIRS,n,2,305.3,6.83,D,0,VIIRS_NOAA20_SP
31.92027,74.00859,345.61,0.55,0.42,2023-10-06,828,N20,VIIRS,n,2,306.22,13.71,D,0,VIIRS_NOAA20_SP
31.94547,73.58868,331.09,0.52,0.42,2023-10-06,828,N20,VIIRS,l,2,302.44,5.05,D,0,VIIRS_NOAA20_SP
31.98631,73.92007,338.2,0.54,0.42,2023-10-06,828,N20,VIIRS,n,2,304.94,4.3,D,0,VIIRS_NOAA20_SP
32.00209,73.64194,337.18,0.53,0.42,2023-10-06,828,N20,VIIRS,n,2,305.89,6.73,D,0,VIIRS_NOAA20_SP
32.00839,73.87016,332.03,0.54,0.42,2023-10-06,828,N20,VIIRS,n,2,304.8,3.72,D,0,VIIRS_NOAA20_SP
32.00962,73.91655,333.67,0.54,0.42,2023-10-06,828,N20,VIIRS,n,2,303.41,4.05,D,0,VIIRS_NOAA20_SP
32.01797,74.75653,330.6,0.4,0.44,2023-10-06,828,N20,VIIRS,n,2,301.27,1.15,D,0,VIIRS_NOAA20_SP
32.04181,73.71541,334.63,0.53,0.42,2023-10-06,828,N20,VIIRS,n,2,305.89,3.39,D,0,VIIRS_NOAA20_SP
32.04557,73.32131,344.09,0.51,0.41,2023-10-06,828,N20,VIIRS,n,2,304.96,6.11,D,0,VIIRS_NOAA20_SP
32.05018,74.36008,331.29,0.57,0.43,2023-10-06,828,N20,VIIRS,n,2,304.67,3.45,D,0,VIIRS_NOAA20_SP
32.08532,73.84463,334.57,0.54,0.42,2023-10-06,828,N20,VIIRS,n,2,304.46,3.76,D,0,VIIRS_NOAA20_SP
32.10457,73.91171,332.35,0.54,0.42,2023-10-06,828,N20,VIIRS,n,2,303.74,3.09,D,0,VIIRS_NOAA20_SP
32.10687,74.04115,346.09,0.55,0.43,2023-10-06,828,N20,VIIRS,n,2,306.0,8.73,D,0,VIIRS_NOAA20_SP
32.10751,74.047,331.73,0.55,0.43,2023-10-06,828,N20,VIIRS,l,2,304.83,3.81,D,0,VIIRS_NOAA20_SP
32.11214,74.23885,333.93,0.56,0.43,2023-10-06,828,N20,VIIRS,n,2,306.17,3.58,D,0,VIIRS_NOAA20_SP
32.13512,72.41817,342.62,0.46,0.39,2023-10-06,828,N20,VIIRS,n,2,305.39,9.09,D,0,VIIRS_NOAA20_SP
32.13998,74.70073,337.54,0.4,0.44,2023-10-06,828,N20,VIIRS,n,2,304.68,2.68,D,0,VIIRS_NOAA20_SP
32.14687,73.71252,332.21,0.53,0.42,2023-10-06,828,N20,VIIRS,n,2,304.84,4.03,D,0,VIIRS_NOAA20_SP
32.15497,73.76465,336.07,0.53,0.42,2023-10-06,828,N20,VIIRS,n,2,305.58,5.26,D,0,VIIRS_NOAA20_SP
32.15692,73.76852,332.25,0.54,0.42,2023-10-06,828,N20,VIIRS,l,2,302.67,6.92,D,0,VIIRS_NOAA20_SP
32.18356,73.65541,332.88,0.53,0.42,2023-10-06,828,N20,VIIRS,l,2,304.13,8.41,D,0,VIIRS_NOAA20_SP
32.19548,73.79736,336.99,0.54,0.42,2023-10-06,828,N20,VIIRS,l,2,307.35,7.96,D,0,VIIRS_NOAA20_SP
32.20125,73.81387,343.17,0.54,0.42,2023-10-06,828,N20,VIIRS,n,2,307.51,7.14,D,0,VIIRS_NOAA20_SP
32.20512,73.81328,332.1,0.54,0.42,2023-10-06,828,N20,VIIRS,l,2,306.17,4.53,D,0,VIIRS_NOAA20_SP
32.20951,73.88847,339.78,0.54,0.42,2023-10-06,828,N20,VIIRS,n,2,303.81,3.98,D,0,VIIRS_NOAA20_SP
32.21325,74.27899,335.11,0.57,0.43,2023-10-06,828,N20,VIIRS,n,2,305.29,3.92,D,0,VIIRS_NOAA20_SP
32.24796,74.27875,332.44,0.57,0.43,2023-10-06,828,N20,VIIRS,n,2,303.33,3.18,D,0,VIIRS_NOAA20_SP
32.24861,74.28481,330.41,0.57,0.43,2023-10-06,828,N20,VIIRS,n,2,302.93,3.21,D,0,VIIRS_NOAA20_SP
32.24969,73.82399,338.16,0.54,0.42,2023-10-06,828,N20,VIIRS,n,2,305.37,4.0,D,0,VIIRS_NOAA20_SP
32.27402,74.37075,341.75,0.38,0.43,2023-10-06,828,N20,VIIRS,n,2,304.48,8.77,D,0,VIIRS_NOAA20_SP
32.2778,74.25597,333.94,0.57,0.43,2023-10-06,828,N20,VIIRS,n,2,305.29,5.66,D,0,VIIRS_NOAA20_SP
32.28547,73.92789,332.7,0.55,0.42,2023-10-06,828,N20,VIIRS,n,2,303.06,2.82,D,0,VIIRS_NOAA20_SP
32.28548,73.92999,330.3,0.55,0.42,2023-10-06,828,N20,VIIRS,n,2,303.21,2.35,D,0,VIIRS_NOAA20_SP
32.29503,73.97977,333.4,0.55,0.43,2023-10-06,828,N20,VIIRS,l,2,304.97,3.2,D,0,VIIRS_NOAA20_SP
32.30119,73.89014,332.92,0.54,0.42,2023-10-06,828,N20,VIIRS,n,2,304.34,3.27,D,0,VIIRS_NOAA20_SP
32.30762,73.91273,335.84,0.55,0.42,2023-10-06,828,N20,VIIRS,n,2,305.57,3.56,D,0,VIIRS_NOAA20_SP
32.3437,74.60054,334.48,0.4,0.44,2023-10-06,828,N20,VIIRS,n,2,302.58,2.39,D,0,VIIRS_NOAA20_SP
32.35375,74.38018,336.93,0.39,0.44,2023-10-06,828,N20,VIIRS,n,2,303.2,2.6,D,0,VIIRS_NOAA20_SP
32.36348,74.09534,338.55,0.56,0.43,2023-10-06,828,N20,VIIRS,n,2,303.94,4.86,D,0,VIIRS_NOAA20_SP
32.40636,74.26598,336.56,0.57,0.43,2023-10-06,828,N20,VIIRS,n,2,304.26,4.83,D,0,VIIRS_NOAA20_SP
32.53017,74.09657,334.48,0.56,0.43,2023-10-06,828,N20,VIIRS,n,2,306.28,4.23,D,0,VIIRS_NOAA20_SP
32.6764,72.52905,333.82,0.48,0.4,2023-10-06,828,N20,VIIRS,n,2,305.36,1.69,D,0,VIIRS_NOAA20_SP
32.72811,69.70622,347.09,0.39,0.36,2023-10-06,828,N20,VIIRS,n,2,304.03,9.33,D,0,VIIRS_NOAA20_SP
32.83393,73.29126,335.27,0.52,0.41,2023-10-06,828,N20,VIIRS,l,2,310.16,7.49,D,0,VIIRS_NOAA20_SP
32.90596,70.20607,337.07,0.4,0.37,2023-10-06,828,N20,VIIRS,l,2,310.74,2.16,D,0,VIIRS_NOAA20_SP
32.90873,70.20118,338.3,0.4,0.37,2023-10-06,828,N20,VIIRS,l,2,310.46,4.37,D,0,VIIRS_NOAA20_SP
32.91486,70.19563,342.78,0.4,0.37,2023-10-06,828,N20,VIIRS,n,2,311.02,3.31,D,0,VIIRS_NOAA20_SP
32.91822,70.19495,335.71,0.4,0.37,2023-10-06,828,N20,VIIRS,l,2,310.5,3.31,D,0,VIIRS_NOAA20_SP
32.91879,70.19912,337.75,0.4,0.37,2023-10-06,828,N20,VIIRS,l,2,312.48,5.25,D,0,VIIRS_NOAA20_SP
32.92158,70.19432,341.07,0.4,0.37,2023-10-06,828,N20,VIIRS,n,2,309.36,3.06,D,0,VIIRS_NOAA20_SP
32.92552,70.19792,334.8,0.4,0.37,2023-10-06,828,N20,VIIRS,l,2,308.05,5.3,D,0,VIIRS_NOAA20_SP
32.92609,70.20207,352.94,0.4,0.37,2023-10-06,828,N20,VIIRS,n,2,310.31,5.3,D,0,VIIRS_NOAA20_SP
33.93723,73.57601,335.07,0.55,0.43,2023-10-06,828,N20,VIIRS,l,2,306.92,5.69,D,0,VIIRS_NOAA20_SP
33.94111,73.57526,343.07,0.55,0.43,2023-10-06,828,N20,VIIRS,n,2,306.39,5.69,D,0,VIIRS_NOAA20_SP
34.10208,73.55528,330.45,0.55,0.43,2023-10-06,828,N20,VIIRS,n,2,305.35,4.84,D,0,VIIRS_NOAA20_SP
29.262,91.92373,303.46,0.44,0.46,2023-10-06,1910,N20,VIIRS,n,2,280.22,0.89,N,2,VIIRS_NOAA20_SP
29.26628,91.92399,298.5,0.44,0.46,2023-10-06,1910,N20,VIIRS,n,2,282.31,0.89,N,0,VIIRS_NOAA20_SP
29.37596,91.15141,305.33,0.49,0.49,2023-10-06,1910,N20,VIIRS,n,2,281.3,1.33,N,2,VIIRS_NOAA20_SP
26.76131,83.19444,303.24,0.71,0.75,2023-10-06,1911,N20,VIIRS,n,2,290.27,2.49,N,2,VIIRS_NOAA20_SP
26.76206,83.19384,302.58,0.71,0.75,2023-10-06,1911,N20,VIIRS,n,2,290.05,1.88,N,0,VIIRS_NOAA20_SP
29.08455,88.01012,313.37,0.38,0.59,2023-10-06,1911,N20,VIIRS,n,2,280.41,2.39,N,0,VIIRS_NOAA20_SP
29.0873,88.01203,298.57,0.38,0.59,2023-10-06,1911,N20,VIIRS,n,2,280.39,1.33,N,0,VIIRS_NOAA20_SP
29.08761,88.00823,305.71,0.38,0.59,2023-10-06,1911,N20,VIIRS,n,2,277.5,1.33,N,0,VIIRS_NOAA20_SP
29.22817,88.3533,296.48,0.36,0.58,2023-10-06,1911,N20,VIIRS,n,2,282.02,1.04,N,0,VIIRS_NOAA20_SP
29.22843,88.35011,307.25,0.36,0.58,2023-10-06,1911,N20,VIIRS,n,2,281.94,2.16,N,2,VIIRS_NOAA20_SP
22.35595,96.70258,302.96,0.38,0.36,2023-10-06,1912,N20,VIIRS,n,2,275.47,0.97,N,2,VIIRS_NOAA20_SP
22.47473,91.73486,320.55,0.56,0.43,2023-10-06,1912,N20,VIIRS,n,2,292.37,3.24,N,2,VIIRS_NOAA20_SP
23.09458,97.38444,302.33,0.39,0.36,2023-10-06,1912,N20,VIIRS,n,2,286.73,0.61,N,2,VIIRS_NOAA20_SP
23.70004,86.0753,322.7,0.44,0.62,2023-10-06,1912,N20,VIIRS,n,2,282.4,2.7,N,2,VIIRS_NOAA20_SP
23.75987,85.85361,307.59,0.45,0.63,2023-10-06,1912,N20,VIIRS,n,2,286.69,2.14,N,2,VIIRS_NOAA20_SP
23.76023,85.85191,304.8,0.45,0.63,2023-10-06,1912,N20,VIIRS,n,2,286.04,1.84,N,2,VIIRS_NOAA20_SP
23.77808,86.39201,301.28,0.42,0.61,2023-10-06,1912,N20,VIIRS,n,2,284.88,1.25,N,2,VIIRS_NOAA20_SP
23.78371,86.3927,315.51,0.42,0.61,2023-10-06,1912,N20,VIIRS,n,2,286.55,1.25,N,2,VIIRS_NOAA20_SP
23.78407,86.38862,301.44,0.42,0.61,2023-10-06,1912,N20,VIIRS,n,2,285.63,1.25,N,2,VIIRS_NOAA20_SP
24.52322,97.79733,308.34,0.39,0.36,2023-10-06,1912,N20,VIIRS,n,2,282.62,0.85,N,2,VIIRS_NOAA20_SP
24.54273,97.73904,304.08,0.39,0.36,2023-10-06,1912,N20,VIIRS,n,2,283.73,1.17,N,2,VIIRS_NOAA20_SP
20.79666,85.25185,323.22,0.46,0.63,2023-10-06,1913,N20,VIIRS,n,2,280.06,4.34,N,2,VIIRS_NOAA20_SP
20.96293,85.17296,298.75,0.47,0.64,2023-10-06,1913,N20,VIIRS,n,2,268.78,1.52,N,2,VIIRS_NOAA20_SP
20.96726,85.17655,295.66,0.47,0.64,2023-10-06,1913,N20,VIIRS,n,2,266.17,1.61,N,2,VIIRS_NOAA20_SP
21.37566,81.67799,300.7,0.79,0.78,2023-10-06,1913,N20,VIIRS,n,2,287.01,2.4,N,2,VIIRS_NOAA20_SP
21.3928,81.64002,302.97,0.8,0.78,2023-10-06,1913,N20,VIIRS,n,2,286.35,1.52,N,0,VIIRS_NOAA20_SP
21.68398,84.03722,298.5,0.56,0.69,2023-10-06,1913,N20,VIIRS,n,2,273.85,1.18,N,2,VIIRS_NOAA20_SP
21.75831,84.02268,296.78,0.56,0.69,2023-10-06,1913,N20,VIIRS,n,2,273.91,1.19,N,2,VIIRS_NOAA20_SP
21.75991,83.84238,305.31,0.58,0.7,2023-10-06,1913,N20,VIIRS,n,2,280.33,1.52,N,2,VIIRS_NOAA20_SP
21.76036,83.83674,301.82,0.58,0.7,2023-10-06,1913,N20,VIIRS,n,2,278.9,1.52,N,2,VIIRS_NOAA20_SP
21.88087,83.55135,303.84,0.61,0.71,2023-10-06,1913,N20,VIIRS,n,2,288.39,1.1,N,2,VIIRS_NOAA20_SP
22.00871,82.66776,305.77,0.69,0.74,2023-10-06,1913,N20,VIIRS,n,2,289.51,3.16,N,2,VIIRS_NOAA20_SP
22.05127,88.09972,307.07,0.62,0.54,2023-10-06,1913,N20,VIIRS,n,2,283.3,1.79,N,2,VIIRS_NOAA20_SP
22.05382,88.12434,307.42,0.62,0.54,2023-10-06,1913,N20,VIIRS,n,2,283.21,1.85,N,2,VIIRS_NOAA20_SP
22.05501,88.0997,308.68,0.62,0.54,2023-10-06,1913,N20,VIIRS,n,2,283.46,1.74,N,0,VIIRS_NOAA20_SP
22.05738,88.12428,312.81,0.62,0.54,2023-10-06,1913,N20,VIIRS,n,2,283.25,2.56,N,2,VIIRS_NOAA20_SP
22.32986,82.65368,304.56,0.7,0.75,2023-10-06,1913,N20,VIIRS,n,2,288.56,2.49,N,2,VIIRS_NOAA20_SP
22.33021,82.65141,300.75,0.7,0.75,2023-10-06,1913,N20,VIIRS,n,2,288.61,3.03,N,2,VIIRS_NOAA20_SP
22.37295,87.30079,309.51,0.35,0.57,2023-10-06,1913,N20,VIIRS,n,2,289.07,0.44,N,2,VIIRS_NOAA20_SP
17.69406,83.23734,306.45,0.57,0.69,2023-10-06,1914,N20,VIIRS,n,2,290.09,1.89,N,0,VIIRS_NOAA20_SP
36.99938,80.19366,300.62,0.5,0.41,2023-10-06,2049,N20,VIIRS,n,2,283.89,1.54,N,2,VIIRS_NOAA20_SP
34.33638,73.42796,299.34,0.39,0.36,2023-10-06,2050,N20,VIIRS,n,2,287.02,0.65,N,0,VIIRS_NOAA20_SP
35.35493,73.75739,319.29,0.39,0.36,2023-10-06,2050,N20,VIIRS,n,2,281.41,1.79,N,0,VIIRS_NOAA20_SP
35.818,73.65814,298.38,0.39,0.36,2023-10-06,2050,N20,VIIRS,n,2,278.12,0.91,N,0,VIIRS_NOAA20_SP
29.08564,88.0085,297.59,0.68,0.74,2023-10-06,2051,N20,VIIRS,n,2,276.72,1.52,N,0,VIIRS_NOAA20_SP
29.91005,74.94807,320.57,0.4,0.37,2023-10-06,2051,N20,VIIRS,n,2,295.05,1.9,N,2,VIIRS_NOAA20_SP
30.65379,73.04731,313.35,0.39,0.36,2023-10-06,2051,N20,VIIRS,n,2,294.06,0.97,N,0,VIIRS_NOAA20_SP
31.0694,73.6142,308.47,0.38,0.36,2023-10-06,2051,N20,VIIRS,n,2,292.95,0.65,N,0,VIIRS_NOAA20_SP
31.26042,76.92503,302.42,0.45,0.39,2023-10-06,2051,N20,VIIRS,n,2,290.82,0.72,N,2,VIIRS_NOAA20_SP
31.60447,74.4057,305.53,0.39,0.36,2023-10-06,2051,N20,VIIRS,n,2,294.37,1.1,N,2,VIIRS_NOAA20_SP
31.61623,74.37497,305.01,0.39,0.36,2023-10-06,2051,N20,VIIRS,n,2,293.03,0.7,N,2,VIIRS_NOAA20_SP
31.65502,74.17563,320.72,0.38,0.36,2023-10-06,2051,N20,VIIRS,n,2,293.78,1.81,N,0,VIIRS_NOAA20_SP
32.02231,70.81402,307.01,0.44,0.38,2023-10-06,2051,N20,VIIRS,n,2,294.39,0.8,N,0,VIIRS_NOAA20_SP
32.72203,72.92183,304.44,0.39,0.36,2023-10-06,2051,N20,VIIRS,n,2,291.43,0.83,N,2,VIIRS_NOAA20_SP
32.72781,72.81771,301.48,0.39,0.36,2023-10-06,2051,N20,VIIRS,n,2,290.67,0.64,N,2,VIIRS_NOAA20_SP
32.88836,71.61681,315.33,0.42,0.38,2023-10-06,2051,N20,VIIRS,n,2,295.7,2.06,N,2,VIIRS_NOAA20_SP
32.91699,70.21212,308.69,0.47,0.4,2023-10-06,2051,N20,VIIRS,n,2,292.53,0.68,N,0,VIIRS_NOAA20_SP
32.9206,70.21292,331.37,0.47,0.4,2023-10-06,2051,N20,VIIRS,n,2,293.25,2.8,N,0,VIIRS_NOAA20_SP
32.92422,70.21364,323.12,0.47,0.4,2023-10-06,2051,N20,VIIRS,n,2,293.11,2.8,N,0,VIIRS_NOAA20_SP
32.93149,70.21487,330.04,0.47,0.4,2023-10-06,2051,N20,VIIRS,n,2,292.3,3.36,N,0,VIIRS_NOAA20_SP
32.93515,70.21528,314.14,0.47,0.4,2023-10-06,2051,N20,VIIRS,n,2,291.59,1.07,N,0,VIIRS_NOAA20_SP
33.01028,69.99594,302.2,0.48,0.4,2023-10-06,2051,N20,VIIRS,n,2,291.32,0.56,N,0,VIIRS_NOAA20_SP
33.01122,69.99493,301.33,0.48,0.4,2023-10-06,2051,N20,VIIRS,n,2,291.18,0.64,N,0,VIIRS_NOAA20_SP
33.01394,69.99671,301.9,0.48,0.4,2023-10-06,2051,N20,VIIRS,n,2,291.19,0.56,N,0,VIIRS_NOAA20_SP
33.80118,72.09609,298.39,0.41,0.37,2023-10-06,2051,N20,VIIRS,n,2,283.56,1.25,N,2,VIIRS_NOAA20_SP
23.68278,86.39362,304.17,0.73,0.76,2023-10-06,2052,N20,VIIRS,n,2,289.98,2.01,N,2,VIIRS_NOAA20_SP
23.68451,86.38704,306.78,0.73,0.76,2023-10-06,2052,N20,VIIRS,n,2,289.74,2.01,N,2,VIIRS_NOAA20_SP
23.76069,86.40168,316.35,0.73,0.76,2023-10-06,2052,N20,VIIRS,n,2,288.95,3.6,N,2,VIIRS_NOAA20_SP
23.76094,86.40171,312.8,0.73,0.76,2023-10-06,2052,N20,VIIRS,n,2,288.76,4.69,N,2,VIIRS_NOAA20_SP
23.76243,86.39496,314.16,0.73,0.76,2023-10-06,2052,N20,VIIRS,n,2,289.6,3.6,N,2,VIIRS_NOAA20_SP
23.76272,86.39501,315.67,0.73,0.76,2023-10-06,2052,N20,VIIRS,n,2,289.59,4.39,N,2,VIIRS_NOAA20_SP
23.76919,86.39693,306.43,0.73,0.76,2023-10-06,2052,N20,VIIRS,n,2,289.26,4.26,N,2,VIIRS_NOAA20_SP
23.76948,86.39695,306.28,0.73,0.76,2023-10-06,2052,N20,VIIRS,n,2,289.36,4.39,N,2,VIIRS_NOAA20_SP
23.77463,86.20844,307.76,0.71,0.75,2023-10-06,2052,N20,VIIRS,n,2,288.74,3.89,N,2,VIIRS_NOAA20_SP
23.77637,86.20174,304.82,0.71,0.75,2023-10-06,2052,N20,VIIRS,n,2,288.86,2.45,N,2,VIIRS_NOAA20_SP
23.77776,86.39187,307.97,0.73,0.76,2023-10-06,2052,N20,VIIRS,n,2,289.45,3.16,N,2,VIIRS_NOAA20_SP
23.7781,86.39187,307.57,0.73,0.76,2023-10-06,2052,N20,VIIRS,n,2,289.55,2.18,N,2,VIIRS_NOAA20_SP
23.77955,86.38492,309.47,0.73,0.76,2023-10-06,2052,N20,VIIRS,n,2,289.22,3.16,N,2,VIIRS_NOAA20_SP
23.77993,86.38493,308.86,0.72,0.76,2023-10-06,2052,N20,VIIRS,n,2,288.87,4.1,N,2,VIIRS_NOAA20_SP
23.78301,86.37151,303.61,0.72,0.76,2023-10-06,2052,N20,VIIRS,n,2,289.17,1.75,N,2,VIIRS_NOAA20_SP
23.78311,86.20346,310.47,0.71,0.75,2023-10-06,2052,N20,VIIRS,n,2,289.04,2.45,N,2,VIIRS_NOAA20_SP
23.78326,86.34241,304.43,0.72,0.76,2023-10-06,2052,N20,VIIRS,n,2,289.21,2.09,N,2,VIIRS_NOAA20_SP
23.78387,86.34258,303.56,0.72,0.76,2023-10-06,2052,N20,VIIRS,n,2,289.54,2.75,N,2,VIIRS_NOAA20_SP
23.7845,86.39386,305.34,0.73,0.76,2023-10-06,2052,N20,VIIRS,n,2,289.02,2.22,N,2,VIIRS_NOAA20_SP
23.78485,86.39384,302.96,0.73,0.76,2023-10-06,2052,N20,VIIRS,n,2,289.0,2.18,N,2,VIIRS_NOAA20_SP
23.78502,86.33559,303.09,0.72,0.76,2023-10-06,2052,N20,VIIRS,n,2,289.58,2.75,N,2,VIIRS_NOAA20_SP
23.79499,86.3531,307.16,0.72,0.76,2023-10-06,2052,N20,VIIRS,n,2,289.52,2.76,N,2,VIIRS_NOAA20_SP
23.79671,86.34644,312.26,0.72,0.76,2023-10-06,2052,N20,VIIRS,n,2,289.2,2.76,N,2,VIIRS_NOAA20_SP
23.79733,86.34653,315.0,0.72,0.76,2023-10-06,2052,N20,VIIRS,n,2,289.61,4.58,N,2,VIIRS_NOAA20_SP
23.80201,86.3258,303.64,0.72,0.75,2023-10-06,2052,N20,VIIRS,n,2,289.57,1.7,N,2,VIIRS_NOAA20_SP
23.80275,86.32596,308.26,0.72,0.75,2023-10-06,2052,N20,VIIRS,n,2,289.55,2.2,N,2,VIIRS_NOAA20_SP
23.80872,86.32784,303.0,0.72,0.75,2023-10-06,2052,N20,VIIRS,n,2,289.34,1.7,N,2,VIIRS_NOAA20_SP
26.49867,77.64651,308.61,0.56,0.43,2023-10-06,2052,N20,VIIRS,n,2,294.81,1.02,N,0,VIIRS_NOAA20_SP
26.60407,73.68525,306.21,0.39,0.36,2023-10-06,2052,N20,VIIRS,n,2,294.7,1.03,N,0,VIIRS_NOAA20_SP
26.76046,83.19935,309.12,0.4,0.6,2023-10-06,2052,N20,VIIRS,n,2,292.54,1.26,N,2,VIIRS_NOAA20_SP
26.87383,73.51616,313.53,0.39,0.36,2023-10-06,2052,N20,VIIRS,n,2,295.59,1.5,N,2,VIIRS_NOAA20_SP
27.6689,76.12854,313.14,0.46,0.39,2023-10-06,2052,N20,VIIRS,n,2,298.07,2.51,N,2,VIIRS_NOAA20_SP
28.05294,69.37036,316.84,0.46,0.39,2023-10-06,2052,N20,VIIRS,n,2,298.4,0.82,N,2,VIIRS_NOAA20_SP
28.34047,80.13925,305.13,0.48,0.48,2023-10-06,2052,N20,VIIRS,n,2,293.89,0.67,N,0,VIIRS_NOAA20_SP
28.42377,69.70079,307.82,0.45,0.39,2023-10-06,2052,N20,VIIRS,n,2,297.12,1.36,N,2,VIIRS_NOAA20_SP
28.67368,77.05127,313.63,0.49,0.4,2023-10-06,2052,N20,VIIRS,n,2,296.01,2.5,N,0,VIIRS_NOAA20_SP
28.72867,77.15816,307.26,0.49,0.4,2023-10-06,2052,N20,VIIRS,n,2,296.23,1.58,N,2,VIIRS_NOAA20_SP
28.73002,77.15732,306.79,0.49,0.4,2023-10-06,2052,N20,VIIRS,n,2,295.88,1.59,N,2,VIIRS_NOAA20_SP
28.80832,76.83788,303.44,0.47,0.4,2023-10-06,2052,N20,VIIRS,n,2,293.34,0.66,N,0,VIIRS_NOAA20_SP
20.76111,85.29069,300.82,0.73,0.76,2023-10-06,2053,N20,VIIRS,n,2,280.69,1.23,N,2,VIIRS_NOAA20_SP
20.79295,85.24927,305.57,0.72,0.76,2023-10-06,2053,N20,VIIRS,n,2,288.27,1.47,N,2,VIIRS_NOAA20_SP
20.79337,85.24962,308.59,0.72,0.76,2023-10-06,2053,N20,VIIRS,n,2,287.84,3.71,N,2,VIIRS_NOAA20_SP
20.8068,85.25359,305.97,0.72,0.76,2023-10-06,2053,N20,VIIRS,n,2,287.65,2.22,N,2,VIIRS_NOAA20_SP
20.96242,85.17595,300.59,0.71,0.75,2023-10-06,2053,N20,VIIRS,n,2,279.99,0.87,N,2,VIIRS_NOAA20_SP
20.964,85.16943,305.12,0.71,0.75,2023-10-06,2053,N20,VIIRS,n,2,277.43,0.87,N,2,VIIRS_NOAA20_SP
20.96556,85.16295,300.41,0.71,0.75,2023-10-06,2053,N20,VIIRS,n,2,276.32,0.35,N,2,VIIRS_NOAA20_SP
20.96598,85.16845,302.39,0.71,0.75,2023-10-06,2053,N20,VIIRS,n,2,275.35,1.67,N,2,VIIRS_NOAA20_SP
20.96713,85.15649,295.18,0.71,0.75,2023-10-06,2053,N20,VIIRS,n,2,277.87,0.35,N,2,VIIRS_NOAA20_SP
20.96873,85.14989,296.85,0.71,0.75,2023-10-06,2053,N20,VIIRS,n,2,278.36,1.56,N,2,VIIRS_NOAA20_SP
20.97264,85.17045,303.94,0.71,0.75,2023-10-06,2053,N20,VIIRS,n,2,270.99,1.67,N,2,VIIRS_NOAA20_SP
21.48457,81.76876,300.74,0.42,0.61,2023-10-06,2053,N20,VIIRS,n,2,287.45,0.35,N,0,VIIRS_NOAA20_SP
21.57638,82.01987,301.63,0.43,0.62,2023-10-06,2053,N20,VIIRS,n,2,288.4,1.03,N,2,VIIRS_NOAA20_SP
21.57863,82.02176,303.33,0.43,0.62,2023-10-06,2053,N20,VIIRS,n,2,288.85,0.93,N,2,VIIRS_NOAA20_SP
21.6747,82.0801,303.18,0.44,0.62,2023-10-06,2053,N20,VIIRS,n,2,288.28,0.88,N,2,VIIRS_NOAA20_SP
21.67949,84.03807,304.48,0.58,0.7,2023-10-06,2053,N20,VIIRS,n,2,281.65,3.63,N,2,VIIRS_NOAA20_SP
21.87424,83.49416,303.18,0.53,0.67,2023-10-06,2053,N20,VIIRS,n,2,283.98,0.97,N,2,VIIRS_NOAA20_SP
21.87906,83.55421,301.32,0.53,0.67,2023-10-06,2053,N20,VIIRS,n,2,284.97,3.1,N,2,VIIRS_NOAA20_SP
21.87918,83.55361,301.37,0.53,0.67,2023-10-06,2053,N20,VIIRS,n,2,284.34,2.87,N,2,VIIRS_NOAA20_SP
21.92014,83.35011,312.4,0.52,0.67,2023-10-06,2053,N20,VIIRS,n,2,284.98,2.1,N,2,VIIRS_NOAA20_SP
21.92155,83.3501,316.15,0.52,0.67,2023-10-06,2053,N20,VIIRS,n,2,284.87,4.57,N,2,VIIRS_NOAA20_SP
21.925,83.33563,315.46,0.52,0.67,2023-10-06,2053,N20,VIIRS,n,2,286.48,3.5,N,2,VIIRS_NOAA20_SP
21.9261,83.35172,300.63,0.52,0.67,2023-10-06,2053,N20,VIIRS,n,2,283.71,2.1,N,2,VIIRS_NOAA20_SP
21.92946,83.3372,316.29,0.52,0.67,2023-10-06,2053,N20,VIIRS,n,2,286.45,4.15,N,2,VIIRS_NOAA20_SP
22.0043,82.66683,302.86,0.47,0.64,2023-10-06,2053,N20,VIIRS,n,2,278.22,1.13,N,2,VIIRS_NOAA20_SP
22.10484,83.52219,302.85,0.53,0.67,2023-10-06,2053,N20,VIIRS,n,2,275.82,1.98,N,0,VIIRS_NOAA20_SP
22.10505,83.52423,299.76,0.53,0.67,2023-10-06,2053,N20,VIIRS,n,2,277.04,2.19,N,0,VIIRS_NOAA20_SP
22.18825,82.12242,301.45,0.43,0.62,2023-10-06,2053,N20,VIIRS,n,2,287.96,0.47,N,0,VIIRS_NOAA20_SP
22.31514,82.5284,303.93,0.45,0.63,2023-10-06,2053,N20,VIIRS,n,2,288.27,1.11,N,2,VIIRS_NOAA20_SP
22.31596,82.53143,301.87,0.45,0.63,2023-10-06,2053,N20,VIIRS,n,2,288.07,0.91,N,2,VIIRS_NOAA20_SP
22.33058,82.64893,303.28,0.46,0.63,2023-10-06,2053,N20,VIIRS,n,2,287.43,1.26,N,0,VIIRS_NOAA20_SP
22.79939,86.08739,296.66,0.73,0.76,2023-10-06,2053,N20,VIIRS,n,2,271.38,1.22,N,2,VIIRS_NOAA20_SP
22.79947,86.08746,295.06,0.73,0.76,2023-10-06,2053,N20,VIIRS,n,2,268.92,1.97,N,2,VIIRS_NOAA20_SP
23.16906,82.3408,303.11,0.42,0.61,2023-10-06,2053,N20,VIIRS,n,2,286.35,0.58,N,2,VIIRS_NOAA20_SP
23.68271,86.39199,310.17,0.73,0.76,2023-10-06,2053,N20,VIIRS,n,2,290.07,4.09,N,2,VIIRS_NOAA20_SP
24.4995,77.15178,312.04,0.57,0.43,2023-10-06,2053,N20,VIIRS,n,2,296.19,2.63,N,0,VIIRS_NOAA20_SP
24.66099,74.63293,308.83,0.43,0.38,2023-10-06,2053,N20,VIIRS,n,2,296.33,2.23,N,2,VIIRS_NOAA20_SP
24.69121,73.00366,313.78,0.39,0.36,2023-10-06,2053,N20,VIIRS,n,2,297.38,1.46,N,2,VIIRS_NOAA20_SP
24.76368,74.60974,310.66,0.43,0.38,2023-10-06,2053,N20,VIIRS,n,2,296.77,1.27,N,2,VIIRS_NOAA20_SP
24.93516,74.6338,309.55,0.43,0.38,2023-10-06,2053,N20,VIIRS,n,2,295.98,1.77,N,2,VIIRS_NOAA20_SP
25.40031,68.56653,310.22,0.47,0.39,2023-10-06,2053,N20,VIIRS,n,2,296.85,1.16,N,2,VIIRS_NOAA20_SP
25.79695,68.69644,310.16,0.46,0.39,2023-10-06,2053,N20,VIIRS,n,2,297.8,0.78,N,2,VIIRS_NOAA20_SP
17.60927,83.20097,312.66,0.62,0.72,2023-10-06,2054,N20,VIIRS,n,2,291.39,2.42,N,2,VIIRS_NOAA20_SP
17.60992,83.20005,307.98,0.63,0.72,2023-10-06,2054,N20,VIIRS,n,2,291.04,2.26,N,2,VIIRS_NOAA20_SP
17.69409,83.2458,304.87,0.63,0.72,2023-10-06,2054,N20,VIIRS,n,2,291.3,2.72,N,0,VIIRS_NOAA20_SP
17.69411,83.24636,304.98,0.63,0.72,2023-10-06,2054,N20,VIIRS,n,2,291.18,2.36,N,0,VIIRS_NOAA20_SP
18.72354,79.53436,311.3,0.34,0.56,2023-10-06,2054,N20,VIIRS,n,2,295.59,1.2,N,2,VIIRS_NOAA20_SP
19.09294,82.16569,295.32,0.5,0.66,2023-10-06,2054,N20,VIIRS,n,2,263.82,1.03,N,0,VIIRS_NOAA20_SP
19.09397,82.16109,296.43,0.5,0.66,2023-10-06,2054,N20,VIIRS,n,2,261.49,0.9,N,0,VIIRS_NOAA20_SP
19.92027,79.11392,306.25,0.61,0.53,2023-10-06,2054,N20,VIIRS,n,2,295.23,1.04,N,2,VIIRS_NOAA20_SP
20.83589,70.69453,311.12,0.38,0.36,2023-10-06,2054,N20,VIIRS,n,2,297.18,1.0,N,2,VIIRS_NOAA20_SP
20.86953,70.56486,306.93,0.39,0.36,2023-10-06,2054,N20,VIIRS,n,2,296.49,1.17,N,0,VIIRS_NOAA20_SP
20.90923,71.45985,313.41,0.39,0.36,2023-10-06,2054,N20,VIIRS,n,2,297.12,1.66,N,2,VIIRS_NOAA20_SP
21.1026,72.63626,343.35,0.4,0.37,2023-10-06,2054,N20,VIIRS,n,2,299.17,7.78,N,2,VIIRS_NOAA20_SP
21.10469,72.64455,332.29,0.4,0.37,2023-10-06,2054,N20,VIIRS,n,2,297.64,2.89,N,2,VIIRS_NOAA20_SP
21.10741,72.64902,311.35,0.4,0.37,2023-10-06,2054,N20,VIIRS,n,2,297.8,2.62,N,2,VIIRS_NOAA20_SP
21.10804,72.6452,331.13,0.4,0.37,2023-10-06,2054,N20,VIIRS,n,2,298.81,2.89,N,2,VIIRS_NOAA20_SP
21.10931,72.63754,321.19,0.4,0.37,2023-10-06,2054,N20,VIIRS,n,2,298.85,2.13,N,2,VIIRS_NOAA20_SP
21.11123,72.63755,310.56,0.4,0.37,2023-10-06,2054,N20,VIIRS,n,2,298.23,1.58,N,2,VIIRS_NOAA20_SP
21.18918,81.3912,304.49,0.4,0.6,2023-10-06,2054,N20,VIIRS,n,2,289.98,1.38,N,2,VIIRS_NOAA20_SP
21.31159,81.5895,306.32,0.41,0.61,2023-10-06,2054,N20,VIIRS,n,2,292.29,0.71,N,2,VIIRS_NOAA20_SP
21.37555,81.63864,305.95,0.41,0.61,2023-10-06,2054,N20,VIIRS,n,2,290.36,1.28,N,2,VIIRS_NOAA20_SP
21.37781,81.6802,311.06,0.42,0.61,2023-10-06,2054,N20,VIIRS,n,2,286.02,1.53,N,2,VIIRS_NOAA20_SP
21.39106,81.6467,312.21,0.41,0.61,2023-10-06,2054,N20,VIIRS,n,2,291.94,1.53,N,2,VIIRS_NOAA20_SP
22.33666,69.86675,310.29,0.4,0.37,2023-10-06,2054,N20,VIIRS,n,2,299.78,2.25,N,2,VIIRS_NOAA20_SP
22.91041,69.70166,312.43,0.41,0.37,2023-10-06,2054,N20,VIIRS,n,2,296.53,1.38,N,0,VIIRS_NOAA20_SP
22.92328,70.10574,318.71,0.4,0.37,2023-10-06,2054,N20,VIIRS,n,2,297.44,2.51,N,0,VIIRS_NOAA20_SP
22.92562,70.10463,330.12,0.4,0.37,2023-10-06,2054,N20,VIIRS,n,2,298.33,3.76,N,0,VIIRS_NOAA20_SP
22.92703,69.82477,309.6,0.4,0.37,2023-10-06,2054,N20,VIIRS,n,2,297.5,1.17,N,2,VIIRS_NOAA20_SP
22.92896,70.10521,316.13,0.4,0.37,2023-10-06,2054,N20,VIIRS,n,2,296.92,3.76,N,0,VIIRS_NOAA20_SP
22.93183,69.69727,318.2,0.41,0.37,2023-10-06,2054,N20,VIIRS,n,2,296.97,1.5,N,2,VIIRS_NOAA20_SP
22.93859,69.69843,311.72,0.41,0.37,2023-10-06,2054,N20,VIIRS,n,2,296.7,1.82,N,2,VIIRS_NOAA20_SP
23.03875,72.2742,311.35,0.39,0.36,2023-10-06,2054,N20,VIIRS,n,2,295.71,1.09,N,0,VIIRS_NOAA20_SP
23.12327,70.0831,308.66,0.4,0.37,2023-10-06,2054,N20,VIIRS,n,2,296.46,1.3,N,0,VIIRS_NOAA20_SP
23.25727,70.25113,306.52,0.4,0.37,2023-10-06,2054,N20,VIIRS,n,2,296.21,0.95,N,2,VIIRS_NOAA20_SP
23.26395,70.2523,314.92,0.4,0.37,2023-10-06,2054,N20,VIIRS,n,2,296.91,1.48,N,2,VIIRS_NOAA20_SP
23.31703,70.48755,308.06,0.39,0.36,2023-10-06,2054,N20,VIIRS,n,2,297.04,1.1,N,2,VIIRS_NOAA20_SP
23.43262,68.71189,307.16,0.44,0.38,2023-10-06,2054,N20,VIIRS,n,2,296.91,1.11,N,2,VIIRS_NOAA20_SP
14.87319,78.05289,313.72,0.32,0.55,2023-10-06,2055,N20,VIIRS,n,2,291.24,0.83,N,2,VIIRS_NOAA20_SP
14.87376,78.04992,306.71,0.32,0.55,2023-10-06,2055,N20,VIIRS,n,2,290.36,0.83,N,0,VIIRS_NOAA20_SP
15.13775,76.70662,302.81,0.52,0.5,2023-10-06,2055,N20,VIIRS,n,2,290.98,1.32,N,2,VIIRS_NOAA20_SP
15.13831,76.70963,305.32,0.52,0.5,2023-10-06,2055,N20,VIIRS,n,2,291.47,1.25,N,2,VIIRS_NOAA20_SP
15.1763,76.65833,312.0,0.52,0.5,2023-10-06,2055,N20,VIIRS,n,2,292.97,2.65,N,2,VIIRS_NOAA20_SP
15.1772,76.65361,322.35,0.52,0.5,2023-10-06,2055,N20,VIIRS,n,2,293.24,2.65,N,2,VIIRS_NOAA20_SP
15.17808,76.67347,305.25,0.52,0.5,2023-10-06,2055,N20,VIIRS,n,2,292.49,1.52,N,2,VIIRS_NOAA20_SP
15.1806,77.10125,303.33,0.55,0.51,2023-10-06,2055,N20,VIIRS,n,2,291.21,0.79,N,2,VIIRS_NOAA20_SP
15.33202,76.2459,307.1,0.48,0.48,2023-10-06,2055,N20,VIIRS,n,2,291.51,0.9,N,0,VIIRS_NOAA20_SP
15.33222,76.24442,304.9,0.48,0.48,2023-10-06,2055,N20,VIIRS,n,2,290.92,1.21,N,0,VIIRS_NOAA20_SP
15.33362,76.28617,303.19,0.49,0.48,2023-10-06,2055,N20,VIIRS,n,2,291.92,0.67,N,2,VIIRS_NOAA20_SP
16.71476,79.81677,306.03,0.39,0.59,2023-10-06,2055,N20,VIIRS,n,2,294.36,1.21,N,0,VIIRS_NOAA20_SP
16.87348,80.02164,306.12,0.4,0.6,2023-10-06,2055,N20,VIIRS,n,2,293.13,0.83,N,2,VIIRS_NOAA20_SP
16.97247,82.2665,308.0,0.56,0.69,2023-10-06,2055,N20,VIIRS,n,2,289.75,4.0,N,0,VIIRS_NOAA20_SP
18.57721,72.24171,332.19,0.41,0.37,2023-10-06,2055,N20,VIIRS,n,2,296.22,3.56,N,3,VIIRS_NOAA20_SP
18.58836,71.03397,319.9,0.39,0.36,2023-10-06,2055,N20,VIIRS,n,2,297.78,0.98,N,3,VIIRS_NOAA20_SP
18.68628,73.02946,312.47,0.43,0.38,2023-10-06,2055,N20,VIIRS,n,2,294.32,2.57,N,2,VIIRS_NOAA20_SP
18.69114,73.0429,319.0,0.43,0.38,2023-10-06,2055,N20,VIIRS,n,2,293.41,1.85,N,2,VIIRS_NOAA20_SP
18.69183,73.03885,308.83,0.43,0.38,2023-10-06,2055,N20,VIIRS,n,2,293.74,1.85,N,2,VIIRS_NOAA20_SP
18.973,71.62424,330.43,0.39,0.36,2023-10-06,2055,N20,VIIRS,n,2,297.95,3.34,N,3,VIIRS_NOAA20_SP
19.17727,70.94585,331.2,0.39,0.36,2023-10-06,2055,N20,VIIRS,n,2,298.39,2.29,N,3,VIIRS_NOAA20_SP
19.52929,71.29887,311.97,0.39,0.36,2023-10-06,2055,N20,VIIRS,n,2,298.25,2.47,N,3,VIIRS_NOAA20_SP
19.56788,71.35466,339.45,0.39,0.36,2023-10-06,2055,N20,VIIRS,n,2,298.4,8.04,N,3,VIIRS_NOAA20_SP
19.57118,71.35525,338.13,0.39,0.36,2023-10-06,2055,N20,VIIRS,n,2,299.69,12.54,N,3,VIIRS_NOAA20_SP
11.18065,79.09983,303.69,0.45,0.63,2023-10-06,2056,N20,VIIRS,n,2,287.87,0.86,N,2,VIIRS_NOAA20_SP
8.24018,80.35312,332.94,0.39,0.36,2023-10-07,802,N20,VIIRS,n,2,295.68,2.68,D,0,VIIRS_NOAA20_SP
8.29983,80.77477,333.15,0.4,0.37,2023-10-07,802,N20,VIIRS,n,2,287.06,2.72,D,0,VIIRS_NOAA20_SP
8.30476,80.24184,332.18,0.39,0.36,2023-10-07,802,N20,VIIRS,n,2,293.15,2.88,D,0,VIIRS_NOAA20_SP
8.35003,80.22759,338.62,0.39,0.36,2023-10-07,802,N20,VIIRS,n,2,294.8,5.48,D,0,VIIRS_NOAA20_SP
8.36922,80.78991,331.17,0.4,0.37,2023-10-07,802,N20,VIIRS,n,2,293.73,3.65,D,0,VIIRS_NOAA20_SP
8.40294,80.33156,330.11,0.39,0.36,2023-10-07,802,N20,VIIRS,n,2,282.97,3.43,D,0,VIIRS_NOAA20_SP
8.57512,77.88959,337.7,0.4,0.37,2023-10-07,802,N20,VIIRS,n,2,307.69,6.68,D,0,VIIRS_NOAA20_SP
8.5807,80.86947,334.05,0.4,0.37,2023-10-07,802,N20,VIIRS,n,2,290.86,2.42,D,0,VIIRS_NOAA20_SP
8.58123,80.87312,330.53,0.4,0.37,2023-10-07,802,N20,VIIRS,n,2,290.78,2.42,D,0,VIIRS_NOAA20_SP
8.5949,80.59364,340.93,0.4,0.37,2023-10-07,802,N20,VIIRS,n,2,289.47,35.74,D,0,VIIRS_NOAA20_SP
8.65793,78.11508,335.52,0.39,0.37,2023-10-07,802,N20,VIIRS,n,2,296.9,4.52,D,3,VIIRS_NOAA20_SP
8.65847,78.11864,337.88,0.39,0.37,2023-10-07,802,N20,VIIRS,n,2,298.28,4.52,D,3,VIIRS_NOAA20_SP
8.665,78.05534,338.33,0.4,0.37,2023-10-07,802,N20,VIIRS,n,2,302.58,2.01,D,0,VIIRS_NOAA20_SP
8.67513,77.85531,335.56,0.4,0.37,2023-10-07,802,N20,VIIRS,n,2,304.69,1.43,D,0,VIIRS_NOAA20_SP
8.77216,79.96396,333.05,0.39,0.36,2023-10-07,802,N20,VIIRS,n,2,288.56,4.9,D,0,VIIRS_NOAA20_SP
8.77268,79.96747,334.43,0.39,0.36,2023-10-07,802,N20,VIIRS,n,2,287.97,4.9,D,0,VIIRS_NOAA20_SP
9.21668,76.43787,333.49,0.44,0.38,2023-10-07,803,N20,VIIRS,l,2,295.72,13.17,D,3,VIIRS_NOAA20_SP
9.2993,78.71078,339.74,0.39,0.36,2023-10-07,803,N20,VIIRS,n,2,304.73,3.21,D,0,VIIRS_NOAA20_SP
9.29984,78.71427,338.6,0.39,0.36,2023-10-07,803,N20,VIIRS,n,2,304.28,3.21,D,0,VIIRS_NOAA20_SP
9.78079,77.77718,338.02,0.4,0.37,2023-10-07,803,N20,VIIRS,n,2,303.68,4.2,D,0,VIIRS_NOAA20_SP
9.89705,77.87124,342.78,0.39,0.36,2023-10-07,803,N20,VIIRS,n,2,302.72,3.18,D,0,VIIRS_NOAA20_SP
10.60186,78.77288,331.48,0.38,0.36,2023-10-07,803,N20,VIIRS,n,2,297.64,1.29,D,0,VIIRS_NOAA20_SP
10.71844,79.36568,330.16,0.39,0.36,2023-10-07,803,N20,VIIRS,n,2,299.47,2.19,D,0,VIIRS_NOAA20_SP
10.78781,79.60387,330.49,0.39,0.36,2023-10-07,803,N20,VIIRS,n,2,298.4,1.26,D,0,VIIRS_NOAA20_SP
10.79172,77.0154,334.5,0.41,0.37,2023-10-07,803,N20,VIIRS,l,2,305.04,2.0,D,0,VIIRS_NOAA20_SP
10.85772,77.32442,337.93,0.4,0.37,2023-10-07,803,N20,VIIRS,n,2,307.12,1.49,D,0,VIIRS_NOAA20_SP
11.08164,79.64153,332.5,0.39,0.36,2023-10-07,803,N20,VIIRS,n,2,300.66,1.6,D,0,VIIRS_NOAA20_SP
11.16094,79.42168,335.1,0.39,0.36,2023-10-07,803,N20,VIIRS,n,2,300.06,1.83,D,0,VIIRS_NOAA20_SP
11.19007,79.36671,331.7,0.39,0.36,2023-10-07,803,N20,VIIRS,n,2,297.97,2.85,D,0,VIIRS_NOAA20_SP
11.59937,79.38187,341.98,0.39,0.36,2023-10-07,803,N20,VIIRS,n,2,299.63,6.69,D,0,VIIRS_NOAA20_SP
11.88781,78.94966,331.33,0.39,0.36,2023-10-07,803,N20,VIIRS,n,2,297.72,2.56,D,0,VIIRS_NOAA20_SP
11.95461,78.94228,336.13,0.39,0.36,2023-10-07,803,N20,VIIRS,n,2,299.63,1.9,D,0,VIIRS_NOAA20_SP
12.93291,79.91362,330.83,0.4,0.37,2023-10-07,803,N20,VIIRS,l,2,305.44,4.98,D,0,VIIRS_NOAA20_SP
13.5573,79.78014,331.56,0.4,0.37,2023-10-07,804,N20,VIIRS,n,2,300.74,2.53,D,0,VIIRS_NOAA20_SP
13.55784,79.78387,333.28,0.4,0.37,2023-10-07,804,N20,VIIRS,n,2,301.23,2.53,D,0,VIIRS_NOAA20_SP
13.64991,78.77586,334.37,0.39,0.36,2023-10-07,804,N20,VIIRS,n,2,300.16,2.86,D,0,VIIRS_NOAA20_SP
14.03298,79.97263,335.41,0.41,0.37,2023-10-07,804,N20,VIIRS,n,2,299.67,3.25,D,0,VIIRS_NOAA20_SP
14.03657,79.89838,335.23,0.41,0.37,2023-10-07,804,N20,VIIRS,n,2,300.81,2.21,D,0,VIIRS_NOAA20_SP
14.03976,78.81911,332.7,0.39,0.36,2023-10-07,804,N20,VIIRS,l,2,303.73,1.6,D,0,VIIRS_NOAA20_SP
14.03997,79.89787,336.02,0.41,0.37,2023-10-07,804,N20,VIIRS,n,2,301.49,3.79,D,0,VIIRS_NOAA20_SP
14.17748,79.78502,335.56,0.41,0.37,2023-10-07,804,N20,VIIRS,n,2,301.08,5.51,D,0,VIIRS_NOAA20_SP
14.19901,79.04766,334.38,0.39,0.36,2023-10-07,804,N20,VIIRS,l,2,305.89,6.08,D,0,VIIRS_NOAA20_SP
14.20039,78.10238,330.97,0.38,0.36,2023-10-07,804,N20,VIIRS,n,2,301.75,1.55,D,0,VIIRS_NOAA20_SP
14.20352,78.93999,330.82,0.39,0.36,2023-10-07,804,N20,VIIRS,l,2,304.39,1.7,D,0,VIIRS_NOAA20_SP
14.21256,79.58837,336.09,0.4,0.37,2023-10-07,804,N20,VIIRS,n,2,300.7,1.52,D,0,VIIRS_NOAA20_SP
14.42867,78.5593,330.82,0.39,0.36,2023-10-07,804,N20,VIIRS,l,2,305.2,2.24,D,0,VIIRS_NOAA20_SP
14.55131,79.34693,330.62,0.4,0.37,2023-10-07,804,N20,VIIRS,l,2,302.56,2.31,D,0,VIIRS_NOAA20_SP
14.58772,77.63192,335.38,0.38,0.36,2023-10-07,804,N20,VIIRS,n,2,305.01,0.68,D,0,VIIRS_NOAA20_SP
14.58845,77.54826,336.26,0.39,0.36,2023-10-07,804,N20,VIIRS,n,2,304.5,1.16,D,0,VIIRS_NOAA20_SP
14.63595,79.56519,333.13,0.4,0.37,2023-10-07,804,N20,VIIRS,l,2,305.9,2.27,D,0,VIIRS_NOAA20_SP
14.67113,77.66932,330.01,0.38,0.36,2023-10-07,804,N20,VIIRS,l,2,302.91,0.59,D,0,VIIRS_NOAA20_SP
14.74699,80.00259,335.04,0.42,0.38,2023-10-07,804,N20,VIIRS,n,2,305.02,2.32,D,0,VIIRS_NOAA20_SP
14.84103,78.68692,335.66,0.39,0.36,2023-10-07,804,N20,VIIRS,l,2,309.53,3.7,D,0,VIIRS_NOAA20_SP
14.95811,79.44674,339.87,0.4,0.37,2023-10-07,804,N20,VIIRS,n,2,307.4,3.55,D,0,VIIRS_NOAA20_SP
15.09841,79.4289,337.01,0.4,0.37,2023-10-07,804,N20,VIIRS,l,2,311.52,3.01,D,0,VIIRS_NOAA20_SP
15.1532,79.9102,330.99,0.42,0.38,2023-10-07,804,N20,VIIRS,l,2,303.7,2.21,D,0,VIIRS_NOAA20_SP
15.16532,78.5174,336.21,0.39,0.36,2023-10-07,804,N20,VIIRS,l,2,309.33,2.03,D,0,VIIRS_NOAA20_SP
15.17493,76.66034,338.22,0.39,0.36,2023-10-07,804,N20,VIIRS,n,2,307.26,3.04,D,2,VIIRS_NOAA20_SP
15.17724,76.65618,335.95,0.39,0.36,2023-10-07,804,N20,VIIRS,l,2,309.45,2.88,D,2,VIIRS_NOAA20_SP
15.18494,76.63999,334.22,0.39,0.36,2023-10-07,804,N20,VIIRS,l,2,306.14,2.67,D,2,VIIRS_NOAA20_SP
15.18695,78.59489,336.35,0.39,0.36,2023-10-07,804,N20,VIIRS,n,2,306.51,3.59,D,0,VIIRS_NOAA20_SP
15.22998,78.10789,335.08,0.38,0.36,2023-10-07,804,N20,VIIRS,l,2,306.51,1.87,D,0,VIIRS_NOAA20_SP
15.28503,77.90923,338.93,0.38,0.36,2023-10-07,804,N20,VIIRS,l,2,312.38,1.87,D,0,VIIRS_NOAA20_SP
15.29938,77.89238,336.55,0.38,0.36,2023-10-07,804,N20,VIIRS,l,2,310.07,2.18,D,0,VIIRS_NOAA20_SP
15.32555,78.06662,337.67,0.38,0.36,2023-10-07,804,N20,VIIRS,l,2,308.36,2.05,D,0,VIIRS_NOAA20_SP
15.32673,78.16488,343.7,0.39,0.36,2023-10-07,804,N20,VIIRS,n,2,309.31,3.39,D,0,VIIRS_NOAA20_SP
15.32968,78.00402,340.73,0.38,0.36,2023-10-07,804,N20,VIIRS,l,2,311.03,3.65,D,0,VIIRS_NOAA20_SP
15.38268,78.19981,338.15,0.39,0.36,2023-10-07,804,N20,VIIRS,l,2,309.16,2.5,D,0,VIIRS_NOAA20_SP
15.39404,78.55016,312.87,0.39,0.36,2023-10-07,804,N20,VIIRS,l,2,319.53,19.38,D,0,VIIRS_NOAA20_SP
15.39457,78.55376,338.19,0.39,0.36,2023-10-07,804,N20,VIIRS,l,2,313.0,19.38,D,0,VIIRS_NOAA20_SP
15.43094,78.20293,336.73,0.39,0.36,2023-10-07,804,N20,VIIRS,l,2,309.0,0.89,D,0,VIIRS_NOAA20_SP
15.44998,79.95358,336.15,0.42,0.38,2023-10-07,804,N20,VIIRS,l,2,306.92,5.13,D,0,VIIRS_NOAA20_SP
15.48266,77.5783,334.74,0.38,0.36,2023-10-07,804,N20,VIIRS,l,2,308.77,2.04,D,0,VIIRS_NOAA20_SP
15.57738,79.22889,340.64,0.4,0.37,2023-10-07,804,N20,VIIRS,n,2,310.74,2.58,D,0,VIIRS_NOAA20_SP
15.58581,79.90513,332.9,0.42,0.38,2023-10-07,804,N20,VIIRS,l,2,304.01,2.32,D,0,VIIRS_NOAA20_SP
15.58926,79.90462,331.85,0.42,0.38,2023-10-07,804,N20,VIIRS,l,2,304.99,2.32,D,0,VIIRS_NOAA20_SP
15.60545,77.29089,338.57,0.39,0.36,2023-10-07,804,N20,VIIRS,l,2,313.45,4.74,D,0,VIIRS_NOAA20_SP
15.63603,78.28337,349.59,0.39,0.36,2023-10-07,804,N20,VIIRS,n,2,315.29,7.56,D,0,VIIRS_NOAA20_SP
15.63657,78.28696,345.49,0.39,0.36,2023-10-07,804,N20,VIIRS,n,2,313.46,7.56,D,0,VIIRS_NOAA20_SP
15.6946,77.72125,335.67,0.38,0.36,2023-10-07,804,N20,VIIRS,l,2,310.46,3.57,D,0,VIIRS_NOAA20_SP
15.86344,78.37492,336.62,0.39,0.36,2023-10-07,804,N20,VIIRS,l,2,307.84,2.71,D,0,VIIRS_NOAA20_SP
16.05217,79.96458,337.84,0.43,0.38,2023-10-07,804,N20,VIIRS,n,2,305.21,2.37,D,0,VIIRS_NOAA20_SP
16.35722,81.4836,342.96,0.5,0.41,2023-10-07,804,N20,VIIRS,n,2,300.3,7.41,D,3,VIIRS_NOAA20_SP
16.45328,79.48972,337.28,0.41,0.37,2023-10-07,804,N20,VIIRS,l,2,308.36,1.21,D,0,VIIRS_NOAA20_SP
16.10372,75.55881,336.82,0.41,0.37,2023-10-07,805,N20,VIIRS,n,2,307.79,2.02,D,0,VIIRS_NOAA20_SP
16.20088,75.2277,340.12,0.42,0.38,2023-10-07,805,N20,VIIRS,n,2,309.25,7.75,D,0,VIIRS_NOAA20_SP
16.42526,77.23437,336.36,0.38,0.36,2023-10-07,805,N20,VIIRS,n,2,306.87,2.43,D,0,VIIRS_NOAA20_SP
16.4905,77.73241,347.21,0.38,0.36,2023-10-07,805,N20,VIIRS,n,2,309.41,4.8,D,0,VIIRS_NOAA20_SP
16.72064,79.57643,336.64,0.42,0.38,2023-10-07,805,N20,VIIRS,n,2,304.87,3.51,D,0,VIIRS_NOAA20_SP
16.8173,79.10196,332.44,0.41,0.37,2023-10-07,805,N20,VIIRS,n,2,300.87,3.06,D,0,VIIRS_NOAA20_SP
16.8702,80.55856,333.44,0.46,0.39,2023-10-07,805,N20,VIIRS,n,2,303.83,2.38,D,0,VIIRS_NOAA20_SP
16.87078,80.56283,330.69,0.46,0.39,2023-10-07,805,N20,VIIRS,n,2,301.17,2.38,D,0,VIIRS_NOAA20_SP
16.87964,78.13563,344.36,0.39,0.36,2023-10-07,805,N20,VIIRS,n,2,306.9,5.75,D,0,VIIRS_NOAA20_SP
17.02528,76.78352,332.3,0.39,0.36,2023-10-07,805,N20,VIIRS,l,2,304.08,0.7,D,0,VIIRS_NOAA20_SP
17.0814,78.96417,338.75,0.4,0.37,2023-10-07,805,N20,VIIRS,n,2,306.6,3.42,D,0,VIIRS_NOAA20_SP
17.18466,78.47884,338.63,0.39,0.36,2023-10-07,805,N20,VIIRS,n,2,304.38,9.36,D,0,VIIRS_NOAA20_SP
17.188,78.47832,340.24,0.39,0.36,2023-10-07,805,N20,VIIRS,n,2,306.76,9.36,D,0,VIIRS_NOAA20_SP
17.24237,79.09031,331.05,0.41,0.37,2023-10-07,805,N20,VIIRS,n,2,302.71,2.37,D,0,VIIRS_NOAA20_SP
17.2557,81.34118,338.64,0.51,0.41,2023-10-07,805,N20,VIIRS,n,2,303.54,10.32,D,0,VIIRS_NOAA20_SP
17.25639,81.34195,337.37,0.51,0.41,2023-10-07,805,N20,VIIRS,n,2,301.52,4.8,D,0,VIIRS_NOAA20_SP
17.27187,79.93865,331.76,0.44,0.38,2023-10-07,805,N20,VIIRS,n,2,304.33,2.32,D,0,VIIRS_NOAA20_SP
17.42504,79.81721,330.1,0.43,0.38,2023-10-07,805,N20,VIIRS,l,2,303.64,2.12,D,0,VIIRS_NOAA20_SP
17.67821,79.58237,335.2,0.43,0.38,2023-10-07,805,N20,VIIRS,n,2,304.22,6.13,D,0,VIIRS_NOAA20_SP
17.69323,83.24403,330.51,0.44,0.46,2023-10-07,805,N20,VIIRS,n,2,299.78,2.23,D,2,VIIRS_NOAA20_SP
17.73285,79.14461,333.4,0.41,0.37,2023-10-07,805,N20,VIIRS,n,2,306.49,2.76,D,0,VIIRS_NOAA20_SP
18.34193,79.37791,332.73,0.42,0.38,2023-10-07,805,N20,VIIRS,n,2,301.51,2.17,D,0,VIIRS_NOAA20_SP
18.46113,74.16321,345.03,0.44,0.39,2023-10-07,805,N20,VIIRS,n,2,306.05,9.91,D,0,VIIRS_NOAA20_SP
18.46502,74.36095,340.15,0.43,0.38,2023-10-07,805,N20,VIIRS,n,2,304.66,3.94,D,0,VIIRS_NOAA20_SP
18.48227,74.13472,334.92,0.44,0.39,2023-10-07,805,N20,VIIRS,n,2,306.11,3.42,D,0,VIIRS_NOAA20_SP
18.6933,73.04188,334.85,0.49,0.41,2023-10-07,805,N20,VIIRS,l,2,308.41,6.41,D,2,VIIRS_NOAA20_SP
18.70847,78.40394,335.28,0.4,0.37,2023-10-07,805,N20,VIIRS,n,2,305.84,2.99,D,0,VIIRS_NOAA20_SP
18.71355,78.29554,334.24,0.4,0.37,2023-10-07,805,N20,VIIRS,n,2,307.37,3.52,D,0,VIIRS_NOAA20_SP
18.75455,78.36588,337.17,0.4,0.37,2023-10-07,805,N20,VIIRS,n,2,311.13,3.23,D,0,VIIRS_NOAA20_SP
18.76526,78.34494,330.02,0.4,0.37,2023-10-07,805,N20,VIIRS,l,2,304.97,2.04,D,0,VIIRS_NOAA20_SP
18.77341,78.52126,334.34,0.4,0.37,2023-10-07,805,N20,VIIRS,n,2,307.03,2.61,D,0,VIIRS_NOAA20_SP
18.77776,78.43162,333.17,0.4,0.37,2023-10-07,805,N20,VIIRS,l,2,307.59,4.34,D,0,VIIRS_NOAA20_SP
18.79648,78.3708,335.03,0.4,0.37,2023-10-07,805,N20,VIIRS,l,2,308.2,2.35,D,0,VIIRS_NOAA20_SP
18.82623,78.47028,333.95,0.4,0.37,2023-10-07,805,N20,VIIRS,l,2,308.18,2.55,D,0,VIIRS_NOAA20_SP
18.87472,78.64193,333.85,0.41,0.37,2023-10-07,805,N20,VIIRS,n,2,304.31,3.12,D,0,VIIRS_NOAA20_SP
19.09003,82.17033,330.7,0.39,0.44,2023-10-07,805,N20,VIIRS,n,2,299.95,2.97,D,0,VIIRS_NOAA20_SP
19.09051,82.16982,333.94,0.4,0.44,2023-10-07,805,N20,VIIRS,n,2,300.57,2.77,D,0,VIIRS_NOAA20_SP
19.09408,82.16982,332.93,0.39,0.44,2023-10-07,805,N20,VIIRS,n,2,300.97,2.97,D,0,VIIRS_NOAA20_SP
19.09456,82.16929,329.75,0.4,0.44,2023-10-07,805,N20,VIIRS,l,2,300.7,2.77,D,0,VIIRS_NOAA20_SP
20.79292,85.2554,346.15,0.33,0.55,2023-10-07,805,N20,VIIRS,n,2,286.94,4.52,D,2,VIIRS_NOAA20_SP
18.97309,71.6245,339.89,0.39,0.44,2023-10-07,806,N20,VIIRS,n,2,298.64,2.35,D,3,VIIRS_NOAA20_SP
20.96214,85.17797,330.57,0.32,0.55,2023-10-07,806,N20,VIIRS,n,2,293.72,5.07,D,2,VIIRS_NOAA20_SP
20.96689,85.17434,335.42,0.32,0.55,2023-10-07,806,N20,VIIRS,n,2,294.15,5.51,D,2,VIIRS_NOAA20_SP
21.07565,85.04527,343.6,0.32,0.54,2023-10-07,806,N20,VIIRS,n,2,293.7,4.64,D,2,VIIRS_NOAA20_SP
21.10103,72.63688,337.7,0.48,0.4,2023-10-07,806,N20,VIIRS,n,2,304.69,5.82,D,2,VIIRS_NOAA20_SP
21.10626,72.64529,343.34,0.48,0.4,2023-10-07,806,N20,VIIRS,n,2,305.68,17.56,D,2,VIIRS_NOAA20_SP
21.10705,72.64984,330.86,0.48,0.4,2023-10-07,806,N20,VIIRS,l,2,305.11,4.38,D,2,VIIRS_NOAA20_SP
21.15258,72.73938,332.06,0.47,0.4,2023-10-07,806,N20,VIIRS,n,2,299.43,2.46,D,2,VIIRS_NOAA20_SP
21.5498,70.90769,331.94,0.39,0.44,2023-10-07,806,N20,VIIRS,l,2,302.5,2.39,D,0,VIIRS_NOAA20_SP
21.91804,83.3489,330.73,0.51,0.49,2023-10-07,806,N20,VIIRS,n,2,299.31,8.36,D,2,VIIRS_NOAA20_SP
21.92155,83.35097,340.54,0.51,0.49,2023-10-07,806,N20,VIIRS,n,2,299.72,10.86,D,2,VIIRS_NOAA20_SP
22.02792,75.01296,334.96,0.39,0.36,2023-10-07,806,N20,VIIRS,n,2,306.64,1.73,D,0,VIIRS_NOAA20_SP
22.16769,77.02586,341.39,0.39,0.36,2023-10-07,806,N20,VIIRS,n,2,309.78,2.3,D,0,VIIRS_NOAA20_SP
22.18044,76.99679,338.34,0.39,0.36,2023-10-07,806,N20,VIIRS,n,2,311.58,2.7,D,0,VIIRS_NOAA20_SP
22.20151,75.42433,344.16,0.39,0.36,2023-10-07,806,N20,VIIRS,n,2,308.12,7.09,D,0,VIIRS_NOAA20_SP
22.22431,77.113,340.2,0.39,0.36,2023-10-07,806,N20,VIIRS,n,2,311.4,2.69,D,0,VIIRS_NOAA20_SP
22.32586,77.01864,337.99,0.39,0.36,2023-10-07,806,N20,VIIRS,n,2,310.19,1.89,D,0,VIIRS_NOAA20_SP
22.34571,77.06165,339.33,0.39,0.36,2023-10-07,806,N20,VIIRS,n,2,311.88,3.27,D,0,VIIRS_NOAA20_SP
22.368,76.93449,336.99,0.39,0.36,2023-10-07,806,N20,VIIRS,l,2,310.85,4.72,D,0,VIIRS_NOAA20_SP
22.38237,77.31579,333.52,0.4,0.37,2023-10-07,806,N20,VIIRS,l,2,306.8,2.89,D,0,VIIRS_NOAA20_SP
22.4892,75.4832,332.56,0.39,0.36,2023-10-07,806,N20,VIIRS,l,2,306.22,2.92,D,0,VIIRS_NOAA20_SP
22.56978,75.41116,336.58,0.39,0.36,2023-10-07,806,N20,VIIRS,l,2,310.61,2.36,D,0,VIIRS_NOAA20_SP
22.59582,76.89164,336.69,0.39,0.36,2023-10-07,806,N20,VIIRS,n,2,310.54,1.35,D,0,VIIRS_NOAA20_SP
22.61761,75.49829,336.57,0.39,0.36,2023-10-07,806,N20,VIIRS,l,2,310.82,1.6,D,0,VIIRS_NOAA20_SP
22.63873,75.30691,335.63,0.39,0.36,2023-10-07,806,N20,VIIRS,l,2,309.39,1.73,D,0,VIIRS_NOAA20_SP
22.65271,76.74734,335.72,0.39,0.36,2023-10-07,806,N20,VIIRS,l,2,309.37,3.14,D,0,VIIRS_NOAA20_SP
22.68118,75.12215,335.44,0.39,0.36,2023-10-07,806,N20,VIIRS,n,2,310.13,2.09,D,0,VIIRS_NOAA20_SP
22.6963,75.32703,334.3,0.39,0.36,2023-10-07,806,N20,VIIRS,l,2,309.14,2.51,D,0,VIIRS_NOAA20_SP
22.698,75.20764,334.81,0.39,0.36,2023-10-07,806,N20,VIIRS,n,2,308.98,2.21,D,0,VIIRS_NOAA20_SP
22.70439,75.1834,335.22,0.39,0.36,2023-10-07,806,N20,VIIRS,l,2,308.97,2.22,D,0,VIIRS_NOAA20_SP
22.72191,75.23022,334.67,0.39,0.36,2023-10-07,806,N20,VIIRS,n,2,308.1,1.46,D,0,VIIRS_NOAA20_SP
22.79007,75.82584,335.06,0.38,0.36,2023-10-07,806,N20,VIIRS,n,2,309.81,1.61,D,0,VIIRS_NOAA20_SP
22.85545,75.83333,338.98,0.38,0.36,2023-10-07,806,N20,VIIRS,l,2,309.25,4.1,D,0,VIIRS_NOAA20_SP
22.915,76.80271,334.95,0.39,0.36,2023-10-07,806,N20,VIIRS,n,2,307.88,1.86,D,0,VIIRS_NOAA20_SP
22.96034,75.38599,339.22,0.39,0.36,2023-10-07,806,N20,VIIRS,n,2,308.87,2.11,D,0,VIIRS_NOAA20_SP
22.98741,76.78656,336.78,0.39,0.36,2023-10-07,806,N20,VIIRS,l,2,310.51,3.6,D,0,VIIRS_NOAA20_SP
23.02173,75.29833,337.43,0.39,0.36,2023-10-07,806,N20,VIIRS,n,2,311.6,1.87,D,0,VIIRS_NOAA20_SP
23.02231,75.30206,336.78,0.39,0.36,2023-10-07,806,N20,VIIRS,n,2,310.99,1.87,D,0,VIIRS_NOAA20_SP
23.03601,77.02692,336.24,0.39,0.36,2023-10-07,806,N20,VIIRS,l,2,310.79,2.67,D,0,VIIRS_NOAA20_SP
23.05119,75.48851,338.45,0.38,0.36,2023-10-07,806,N20,VIIRS,l,2,313.43,2.69,D,0,VIIRS_NOAA20_SP
23.07475,75.93502,336.3,0.38,0.36,2023-10-07,806,N20,VIIRS,l,2,309.37,2.37,D,0,VIIRS_NOAA20_SP
23.07911,75.56002,335.82,0.38,0.36,2023-10-07,806,N20,VIIRS,n,2,310.22,1.76,D,0,VIIRS_NOAA20_SP
23.09973,77.04712,336.23,0.39,0.36,2023-10-07,806,N20,VIIRS,n,2,308.27,2.2,D,0,VIIRS_NOAA20_SP
23.16009,77.22945,334.51,0.4,0.37,2023-10-07,806,N20,VIIRS,l,2,309.51,2.67,D,0,VIIRS_NOAA20_SP
23.16518,77.16949,338.99,0.4,0.37,2023-10-07,806,N20,VIIRS,n,2,310.66,3.14,D,0,VIIRS_NOAA20_SP
23.2325,75.52081,340.05,0.38,0.36,2023-10-07,806,N20,VIIRS,n,2,311.39,2.5,D,0,VIIRS_NOAA20_SP
23.27647,77.26147,336.0,0.4,0.37,2023-10-07,806,N20,VIIRS,n,2,306.79,1.61,D,0,VIIRS_NOAA20_SP
23.28876,77.04309,336.69,0.39,0.36,2023-10-07,806,N20,VIIRS,l,2,310.51,2.89,D,0,VIIRS_NOAA20_SP
23.29144,77.08585,335.49,0.39,0.37,2023-10-07,806,N20,VIIRS,l,2,309.76,2.66,D,0,VIIRS_NOAA20_SP
23.31051,79.73665,337.11,0.49,0.4,2023-10-07,806,N20,VIIRS,n,2,304.17,4.56,D,0,VIIRS_NOAA20_SP
23.31227,79.73332,335.71,0.49,0.4,2023-10-07,806,N20,VIIRS,n,2,305.25,5.22,D,0,VIIRS_NOAA20_SP
23.32877,77.30085,336.35,0.4,0.37,2023-10-07,806,N20,VIIRS,n,2,310.12,1.59,D,0,VIIRS_NOAA20_SP
23.33449,79.73005,332.32,0.49,0.4,2023-10-07,806,N20,VIIRS,l,2,306.69,2.69,D,0,VIIRS_NOAA20_SP
23.34929,77.10765,335.4,0.4,0.37,2023-10-07,806,N20,VIIRS,n,2,309.93,1.2,D,0,VIIRS_NOAA20_SP
23.40779,77.09393,336.13,0.4,0.37,2023-10-07,806,N20,VIIRS,l,2,309.98,1.15,D,0,VIIRS_NOAA20_SP
23.44531,76.87962,339.75,0.39,0.36,2023-10-07,806,N20,VIIRS,n,2,314.3,2.82,D,0,VIIRS_NOAA20_SP
23.45496,79.86127,335.73,0.5,0.41,2023-10-07,806,N20,VIIRS,n,2,306.71,3.7,D,0,VIIRS_NOAA20_SP
23.46522,77.35402,340.45,0.4,0.37,2023-10-07,806,N20,VIIRS,n,2,309.22,4.78,D,0,VIIRS_NOAA20_SP
23.67018,79.00342,342.17,0.46,0.39,2023-10-07,806,N20,VIIRS,n,2,309.33,3.6,D,0,VIIRS_NOAA20_SP
23.67446,86.10725,329.25,0.4,0.6,2023-10-07,806,N20,VIIRS,n,2,293.63,2.22,D,2,VIIRS_NOAA20_SP
23.71485,79.23667,336.0,0.47,0.4,2023-10-07,806,N20,VIIRS,l,2,307.48,3.3,D,0,VIIRS_NOAA20_SP
23.77146,86.38901,329.2,0.42,0.61,2023-10-07,806,N20,VIIRS,n,2,293.17,3.33,D,2,VIIRS_NOAA20_SP
23.77781,86.3967,333.87,0.42,0.61,2023-10-07,806,N20,VIIRS,n,2,294.25,6.23,D,2,VIIRS_NOAA20_SP
22.92505,70.10662,349.3,0.41,0.45,2023-10-07,807,N20,VIIRS,n,2,313.97,14.16,D,0,VIIRS_NOAA20_SP
23.34698,75.9138,338.34,0.38,0.36,2023-10-07,807,N20,VIIRS,l,2,309.74,1.36,D,0,VIIRS_NOAA20_SP
23.44117,75.7737,335.9,0.38,0.36,2023-10-07,807,N20,VIIRS,l,2,310.14,0.7,D,0,VIIRS_NOAA20_SP
23.49471,76.91856,338.69,0.39,0.36,2023-10-07,807,N20,VIIRS,n,2,312.33,0.99,D,0,VIIRS_NOAA20_SP
23.51858,76.91845,336.29,0.39,0.36,2023-10-07,807,N20,VIIRS,l,2,311.07,1.9,D,0,VIIRS_NOAA20_SP
23.52207,77.13442,338.69,0.4,0.37,2023-10-07,807,N20,VIIRS,n,2,310.98,2.76,D,0,VIIRS_NOAA20_SP
23.53643,76.73579,337.05,0.39,0.36,2023-10-07,807,N20,VIIRS,l,2,311.17,1.77,D,0,VIIRS_NOAA20_SP
23.67757,70.94766,336.5,0.54,0.42,2023-10-07,807,N20,VIIRS,n,2,307.66,3.18,D,0,VIIRS_NOAA20_SP
23.78528,72.2551,336.75,0.46,0.39,2023-10-07,807,N20,VIIRS,n,2,305.34,2.78,D,0,VIIRS_NOAA20_SP
23.83905,79.27615,332.07,0.47,0.4,2023-10-07,807,N20,VIIRS,l,2,306.66,3.13,D,0,VIIRS_NOAA20_SP
24.17792,77.60314,334.94,0.41,0.37,2023-10-07,807,N20,VIIRS,l,2,307.45,1.84,D,0,VIIRS_NOAA20_SP
24.27994,78.21887,337.39,0.43,0.38,2023-10-07,807,N20,VIIRS,l,2,310.34,4.06,D,0,VIIRS_NOAA20_SP
24.30169,77.13601,338.99,0.4,0.37,2023-10-07,807,N20,VIIRS,n,2,312.3,1.52,D,0,VIIRS_NOAA20_SP
24.49664,77.1524,337.43,0.4,0.37,2023-10-07,807,N20,VIIRS,n,2,312.12,4.76,D,0,VIIRS_NOAA20_SP
24.5711,77.00766,337.14,0.4,0.37,2023-10-07,807,N20,VIIRS,n,2,311.13,2.92,D,0,VIIRS_NOAA20_SP
24.60599,77.87398,334.57,0.42,0.38,2023-10-07,807,N20,VIIRS,l,2,308.73,1.84,D,0,VIIRS_NOAA20_SP
24.62884,76.73852,338.88,0.39,0.37,2023-10-07,807,N20,VIIRS,l,2,312.89,3.53,D,0,VIIRS_NOAA20_SP
24.63505,77.72569,336.48,0.42,0.37,2023-10-07,807,N20,VIIRS,l,2,310.05,1.75,D,0,VIIRS_NOAA20_SP
24.64305,77.73279,336.95,0.42,0.38,2023-10-07,807,N20,VIIRS,l,2,310.34,3.43,D,0,VIIRS_NOAA20_SP
24.66784,76.68367,340.48,0.39,0.36,2023-10-07,807,N20,VIIRS,l,2,313.65,2.63,D,0,VIIRS_NOAA20_SP
24.71897,76.82606,343.26,0.4,0.37,2023-10-07,807,N20,VIIRS,n,2,313.41,1.91,D,0,VIIRS_NOAA20_SP
24.72121,76.79376,340.5,0.4,0.37,2023-10-07,807,N20,VIIRS,l,2,313.4,3.19,D,0,VIIRS_NOAA20_SP
24.72343,76.80934,339.12,0.4,0.37,2023-10-07,807,N20,VIIRS,l,2,313.08,2.73,D,0,VIIRS_NOAA20_SP
24.76411,77.0471,336.1,0.4,0.37,2023-10-07,807,N20,VIIRS,n,2,308.01,1.74,D,0,VIIRS_NOAA20_SP
24.76967,76.87791,343.58,0.4,0.37,2023-10-07,807,N20,VIIRS,n,2,313.84,3.75,D,0,VIIRS_NOAA20_SP
24.78038,76.99196,334.94,0.4,0.37,2023-10-07,807,N20,VIIRS,n,2,307.52,2.21,D,0,VIIRS_NOAA20_SP
24.83164,73.0862,341.18,0.42,0.38,2023-10-07,807,N20,VIIRS,n,2,307.3,2.0,D,0,VIIRS_NOAA20_SP
24.83703,70.08427,333.56,0.57,0.43,2023-10-07,807,N20,VIIRS,l,2,308.16,3.01,D,0,VIIRS_NOAA20_SP
24.83888,70.08694,336.43,0.38,0.43,2023-10-07,807,N20,VIIRS,l,2,307.65,4.14,D,0,VIIRS_NOAA20_SP
24.88947,76.83763,339.15,0.4,0.37,2023-10-07,807,N20,VIIRS,n,2,311.19,2.33,D,0,VIIRS_NOAA20_SP
24.91689,76.57405,342.32,0.39,0.36,2023-10-07,807,N20,VIIRS,n,2,313.68,2.47,D,0,VIIRS_NOAA20_SP
24.94967,76.97211,339.74,0.4,0.37,2023-10-07,807,N20,VIIRS,n,2,311.32,2.72,D,0,VIIRS_NOAA20_SP
25.01991,76.37086,339.54,0.39,0.36,2023-10-07,807,N20,VIIRS,l,2,313.89,3.1,D,0,VIIRS_NOAA20_SP
25.03491,76.3367,339.09,0.39,0.36,2023-10-07,807,N20,VIIRS,l,2,314.09,3.47,D,0,VIIRS_NOAA20_SP
25.05478,76.286,345.98,0.39,0.36,2023-10-07,807,N20,VIIRS,n,2,315.57,4.69,D,0,VIIRS_NOAA20_SP
25.05536,76.31345,340.02,0.39,0.36,2023-10-07,807,N20,VIIRS,n,2,314.32,2.18,D,0,VIIRS_NOAA20_SP
25.0758,76.29021,347.9,0.39,0.36,2023-10-07,807,N20,VIIRS,n,2,315.98,4.22,D,0,VIIRS_NOAA20_SP
25.13535,76.00095,337.5,0.39,0.36,2023-10-07,807,N20,VIIRS,n,2,312.32,2.01,D,0,VIIRS_NOAA20_SP
25.15636,76.02851,340.18,0.39,0.36,2023-10-07,807,N20,VIIRS,n,2,313.47,3.43,D,0,VIIRS_NOAA20_SP
25.1728,76.89478,344.86,0.4,0.37,2023-10-07,807,N20,VIIRS,n,2,311.13,3.59,D,0,VIIRS_NOAA20_SP
25.17845,76.34296,340.76,0.39,0.36,2023-10-07,807,N20,VIIRS,l,2,315.38,1.74,D,0,VIIRS_NOAA20_SP
25.23604,75.94786,334.38,0.39,0.36,2023-10-07,807,N20,VIIRS,l,2,308.91,2.29,D,0,VIIRS_NOAA20_SP
25.26374,76.32418,343.53,0.39,0.36,2023-10-07,807,N20,VIIRS,l,2,314.61,7.9,D,0,VIIRS_NOAA20_SP
25.27203,76.008,337.91,0.39,0.36,2023-10-07,807,N20,VIIRS,n,2,309.96,2.28,D,0,VIIRS_NOAA20_SP
25.30576,76.28522,341.85,0.39,0.36,2023-10-07,807,N20,VIIRS,n,2,311.68,4.04,D,0,VIIRS_NOAA20_SP
25.30628,76.2654,343.13,0.39,0.36,2023-10-07,807,N20,VIIRS,l,2,315.39,3.2,D,0,VIIRS_NOAA20_SP
25.33148,76.46302,343.02,0.39,0.36,2023-10-07,807,N20,VIIRS,l,2,314.28,3.04,D,0,VIIRS_NOAA20_SP
25.34201,69.69126,333.85,0.39,0.44,2023-10-07,807,N20,VIIRS,n,2,303.5,3.03,D,0,VIIRS_NOAA20_SP
25.35977,76.45064,349.46,0.39,0.36,2023-10-07,807,N20,VIIRS,n,2,316.79,10.54,D,0,VIIRS_NOAA20_SP
25.38206,75.87916,336.78,0.39,0.36,2023-10-07,807,N20,VIIRS,l,2,311.06,4.31,D,0,VIIRS_NOAA20_SP
25.47384,76.49068,337.46,0.39,0.36,2023-10-07,807,N20,VIIRS,n,2,310.64,1.5,D,0,VIIRS_NOAA20_SP
25.50822,78.48151,333.12,0.45,0.39,2023-10-07,807,N20,VIIRS,n,2,307.71,2.11,D,0,VIIRS_NOAA20_SP
25.51542,68.74783,332.15,0.44,0.46,2023-10-07,807,N20,VIIRS,n,2,300.83,2.42,D,0,VIIRS_NOAA20_SP
25.51922,78.73504,335.18,0.46,0.39,2023-10-07,807,N20,VIIRS,l,2,306.05,5.18,D,0,VIIRS_NOAA20_SP
25.52284,78.73449,334.48,0.46,0.39,2023-10-07,807,N20,VIIRS,l,2,306.86,15.67,D,0,VIIRS_NOAA20_SP
25.54879,76.25538,345.29,0.39,0.36,2023-10-07,807,N20,VIIRS,n,2,316.77,5.08,D,0,VIIRS_NOAA20_SP
25.7369,78.36304,338.71,0.45,0.39,2023-10-07,807,N20,VIIRS,n,2,305.76,4.06,D,0,VIIRS_NOAA20_SP
25.8402,78.79976,332.44,0.47,0.4,2023-10-07,807,N20,VIIRS,n,2,305.42,2.54,D,0,VIIRS_NOAA20_SP
25.87808,78.50853,342.45,0.46,0.39,2023-10-07,807,N20,VIIRS,n,2,307.12,6.49,D,0,VIIRS_NOAA20_SP
25.95515,76.6336,339.28,0.4,0.37,2023-10-07,807,N20,VIIRS,n,2,313.99,2.74,D,0,VIIRS_NOAA20_SP
26.31315,77.67052,338.74,0.43,0.38,2023-10-07,807,N20,VIIRS,l,2,311.31,5.55,D,0,VIIRS_NOAA20_SP
26.32414,77.67309,337.65,0.43,0.38,2023-10-07,807,N20,VIIRS,l,2,311.76,3.06,D,0,VIIRS_NOAA20_SP
26.34199,77.72718,335.29,0.43,0.38,2023-10-07,807,N20,VIIRS,l,2,307.57,3.35,D,0,VIIRS_NOAA20_SP
26.40084,77.358,339.12,0.42,0.38,2023-10-07,807,N20,VIIRS,n,2,307.12,3.06,D,0,VIIRS_NOAA20_SP
26.4108,77.72536,337.27,0.43,0.38,2023-10-07,807,N20,VIIRS,l,2,311.49,4.71,D,0,VIIRS_NOAA20_SP
26.50317,77.82996,335.41,0.44,0.38,2023-10-07,807,N20,VIIRS,l,2,308.17,1.3,D,0,VIIRS_NOAA20_SP
26.50667,77.8294,338.86,0.44,0.38,2023-10-07,807,N20,VIIRS,l,2,310.5,5.09,D,0,VIIRS_NOAA20_SP
26.83071,76.44732,338.71,0.4,0.37,2023-10-07,807,N20,VIIRS,l,2,312.74,2.85,D,0,VIIRS_NOAA20_SP
26.9594,79.31707,332.52,0.51,0.41,2023-10-07,807,N20,VIIRS,n,2,306.11,2.47,D,0,VIIRS_NOAA20_SP
27.14398,77.38336,339.41,0.43,0.38,2023-10-07,807,N20,VIIRS,l,2,313.69,9.99,D,0,VIIRS_NOAA20_SP
27.17226,81.25085,333.72,0.44,0.46,2023-10-07,807,N20,VIIRS,n,2,302.46,2.33,D,0,VIIRS_NOAA20_SP
27.26883,81.19052,333.04,0.44,0.46,2023-10-07,807,N20,VIIRS,n,2,302.41,2.79,D,0,VIIRS_NOAA20_SP
27.30058,80.89243,331.83,0.42,0.45,2023-10-07,807,N20,VIIRS,n,2,300.2,2.96,D,0,VIIRS_NOAA20_SP
27.40489,81.38653,338.11,0.45,0.47,2023-10-07,807,N20,VIIRS,n,2,301.45,3.76,D,0,VIIRS_NOAA20_SP
25.79509,68.69835,337.78,0.44,0.46,2023-10-07,808,N20,VIIRS,n,2,305.56,3.64,D,2,VIIRS_NOAA20_SP
26.66163,68.38164,344.12,0.44,0.46,2023-10-07,808,N20,VIIRS,n,2,308.26,4.02,D,0,VIIRS_NOAA20_SP
27.3814,72.31896,342.05,0.42,0.38,2023-10-07,808,N20,VIIRS,n,2,310.74,1.92,D,0,VIIRS_NOAA20_SP
27.38482,72.31824,339.04,0.42,0.38,2023-10-07,808,N20,VIIRS,l,2,310.52,1.92,D,0,VIIRS_NOAA20_SP
27.38695,72.2261,349.13,0.42,0.38,2023-10-07,808,N20,VIIRS,n,2,311.71,4.05,D,0,VIIRS_NOAA20_SP
27.38767,72.23033,348.7,0.42,0.38,2023-10-07,808,N20,VIIRS,n,2,312.68,4.05,D,0,VIIRS_NOAA20_SP
27.38823,72.21265,338.22,0.42,0.38,2023-10-07,808,N20,VIIRS,l,2,312.16,2.21,D,0,VIIRS_NOAA20_SP
27.38894,72.21689,356.22,0.42,0.38,2023-10-07,808,N20,VIIRS,l,2,312.97,9.5,D,0,VIIRS_NOAA20_SP
27.38967,72.22113,356.34,0.42,0.38,2023-10-07,808,N20,VIIRS,l,2,312.16,9.5,D,0,VIIRS_NOAA20_SP
27.39038,72.22536,352.34,0.42,0.38,2023-10-07,808,N20,VIIRS,n,2,311.46,4.05,D,0,VIIRS_NOAA20_SP
27.3907,71.09657,336.57,0.47,0.4,2023-10-07,808,N20,VIIRS,l,2,309.28,3.14,D,0,VIIRS_NOAA20_SP
27.3911,72.22959,351.34,0.42,0.38,2023-10-07,808,N20,VIIRS,n,2,311.39,4.05,D,0,VIIRS_NOAA20_SP
27.39166,72.21191,356.27,0.42,0.38,2023-10-07,808,N20,VIIRS,l,2,311.78,10.5,D,0,VIIRS_NOAA20_SP
27.39237,72.21615,346.62,0.42,0.38,2023-10-07,808,N20,VIIRS,n,2,310.88,3.44,D,0,VIIRS_NOAA20_SP
27.39309,72.22038,341.44,0.42,0.38,2023-10-07,808,N20,VIIRS,n,2,311.36,3.44,D,0,VIIRS_NOAA20_SP
27.39437,72.20692,353.78,0.42,0.38,2023-10-07,808,N20,VIIRS,n,2,313.34,10.5,D,0,VIIRS_NOAA20_SP
27.39509,72.21117,356.03,0.42,0.38,2023-10-07,808,N20,VIIRS,l,2,312.47,10.5,D,0,VIIRS_NOAA20_SP
27.39581,72.21541,353.52,0.42,0.38,2023-10-07,808,N20,VIIRS,n,2,311.65,3.44,D,0,VIIRS_NOAA20_SP
27.39708,72.20193,356.59,0.42,0.38,2023-10-07,808,N20,VIIRS,l,2,313.07,6.5,D,0,VIIRS_NOAA20_SP
27.3978,72.20618,356.58,0.42,0.38,2023-10-07,808,N20,VIIRS,l,2,313.3,6.61,D,0,VIIRS_NOAA20_SP
27.39852,72.21042,349.37,0.42,0.38,2023-10-07,808,N20,VIIRS,n,2,312.77,6.61,D,0,VIIRS_NOAA20_SP
27.3998,72.19695,344.92,0.42,0.38,2023-10-07,808,N20,VIIRS,n,2,312.51,6.5,D,0,VIIRS_NOAA20_SP
27.40052,72.20119,352.2,0.42,0.38,2023-10-07,808,N20,VIIRS,n,2,312.79,6.5,D,0,VIIRS_NOAA20_SP
27.40195,72.20968,339.08,0.42,0.38,2023-10-07,808,N20,VIIRS,l,2,312.25,6.61,D,0,VIIRS_NOAA20_SP
27.40395,72.20045,356.71,0.42,0.38,2023-10-07,808,N20,VIIRS,l,2,312.71,6.57,D,0,VIIRS_NOAA20_SP
27.40466,72.20469,352.48,0.42,0.38,2023-10-07,808,N20,VIIRS,n,2,312.5,8.93,D,0,VIIRS_NOAA20_SP
27.40538,72.20894,356.71,0.42,0.38,2023-10-07,808,N20,VIIRS,l,2,312.21,8.93,D,0,VIIRS_NOAA20_SP
27.4061,72.21319,337.94,0.42,0.38,2023-10-07,808,N20,VIIRS,l,2,312.76,2.72,D,0,VIIRS_NOAA20_SP
27.40666,72.19547,342.25,0.42,0.38,2023-10-07,808,N20,VIIRS,l,2,312.31,6.57,D,0,VIIRS_NOAA20_SP
27.40738,72.1997,356.22,0.42,0.38,2023-10-07,808,N20,VIIRS,l,2,312.23,6.57,D,0,VIIRS_NOAA20_SP
27.4081,72.20395,354.26,0.42,0.38,2023-10-07,808,N20,VIIRS,n,2,313.02,8.93,D,0,VIIRS_NOAA20_SP
27.40881,72.2082,356.57,0.42,0.38,2023-10-07,808,N20,VIIRS,l,2,313.16,8.93,D,0,VIIRS_NOAA20_SP
27.41081,72.19897,339.66,0.42,0.38,2023-10-07,808,N20,VIIRS,n,2,311.75,3.39,D,0,VIIRS_NOAA20_SP
27.41153,72.20321,356.8,0.42,0.38,2023-10-07,808,N20,VIIRS,l,2,311.85,4.26,D,0,VIIRS_NOAA20_SP
27.41224,72.20746,339.34,0.42,0.38,2023-10-07,808,N20,VIIRS,l,2,312.03,4.26,D,0,VIIRS_NOAA20_SP
27.41573,72.1725,337.3,0.43,0.38,2023-10-07,808,N20,VIIRS,l,2,311.15,7.31,D,0,VIIRS_NOAA20_SP
27.41771,72.16328,337.95,0.43,0.38,2023-10-07,808,N20,VIIRS,l,2,311.28,3.31,D,0,VIIRS_NOAA20_SP
27.41917,72.17175,355.87,0.43,0.38,2023-10-07,808,N20,VIIRS,l,2,311.4,7.31,D,0,VIIRS_NOAA20_SP
27.4199,72.17599,355.2,0.43,0.38,2023-10-07,808,N20,VIIRS,l,2,310.64,6.28,D,0,VIIRS_NOAA20_SP
27.42187,72.16677,340.54,0.43,0.38,2023-10-07,808,N20,VIIRS,n,2,311.4,1.64,D,0,VIIRS_NOAA20_SP
27.4226,72.17101,340.57,0.43,0.38,2023-10-07,808,N20,VIIRS,n,2,311.22,1.64,D,0,VIIRS_NOAA20_SP
27.48877,72.09933,355.39,0.43,0.38,2023-10-07,808,N20,VIIRS,n,2,313.54,4.46,D,0,VIIRS_NOAA20_SP
27.48949,72.10359,339.02,0.43,0.38,2023-10-07,808,N20,VIIRS,l,2,313.03,4.46,D,0,VIIRS_NOAA20_SP
27.51276,78.42911,333.76,0.47,0.4,2023-10-07,808,N20,VIIRS,n,2,305.79,6.75,D,0,VIIRS_NOAA20_SP
27.51758,72.41663,337.0,0.42,0.37,2023-10-07,808,N20,VIIRS,l,2,310.85,2.28,D,0,VIIRS_NOAA20_SP
27.51828,72.4208,341.08,0.42,0.37,2023-10-07,808,N20,VIIRS,n,2,309.81,2.28,D,0,VIIRS_NOAA20_SP
27.51898,72.42496,343.28,0.42,0.37,2023-10-07,808,N20,VIIRS,n,2,310.63,2.05,D,0,VIIRS_NOAA20_SP
27.52168,72.42007,340.72,0.42,0.37,2023-10-07,808,N20,VIIRS,l,2,311.6,2.3,D,0,VIIRS_NOAA20_SP
27.52179,68.33884,330.97,0.43,0.46,2023-10-07,808,N20,VIIRS,l,2,304.96,2.14,D,0,VIIRS_NOAA20_SP
27.52266,68.79037,332.27,0.41,0.45,2023-10-07,808,N20,VIIRS,n,2,304.15,2.22,D,0,VIIRS_NOAA20_SP
27.52309,72.42841,345.2,0.42,0.37,2023-10-07,808,N20,VIIRS,n,2,311.84,3.82,D,0,VIIRS_NOAA20_SP
27.52649,72.42769,343.16,0.42,0.37,2023-10-07,808,N20,VIIRS,n,2,311.26,3.82,D,0,VIIRS_NOAA20_SP
27.58523,72.31673,337.2,0.42,0.38,2023-10-07,808,N20,VIIRS,l,2,311.91,4.9,D,0,VIIRS_NOAA20_SP
27.59503,72.24926,353.01,0.42,0.38,2023-10-07,808,N20,VIIRS,n,2,313.6,5.31,D,0,VIIRS_NOAA20_SP
27.59574,72.25348,348.96,0.42,0.38,2023-10-07,808,N20,VIIRS,n,2,313.95,3.18,D,0,VIIRS_NOAA20_SP
27.59773,72.24431,343.47,0.42,0.38,2023-10-07,808,N20,VIIRS,n,2,313.32,5.31,D,0,VIIRS_NOAA20_SP
27.59845,72.24854,355.99,0.42,0.38,2023-10-07,808,N20,VIIRS,l,2,313.16,5.31,D,0,VIIRS_NOAA20_SP
27.59916,72.25275,349.93,0.42,0.38,2023-10-07,808,N20,VIIRS,n,2,313.28,3.18,D,0,VIIRS_NOAA20_SP
27.59988,72.25697,345.28,0.42,0.38,2023-10-07,808,N20,VIIRS,n,2,313.23,3.18,D,0,VIIRS_NOAA20_SP
27.60115,72.24358,348.04,0.42,0.38,2023-10-07,808,N20,VIIRS,n,2,313.37,3.66,D,0,VIIRS_NOAA20_SP
27.60187,72.2478,346.99,0.42,0.38,2023-10-07,808,N20,VIIRS,n,2,313.77,3.66,D,0,VIIRS_NOAA20_SP
27.60202,72.2696,340.14,0.42,0.38,2023-10-07,808,N20,VIIRS,l,2,314.97,2.94,D,0,VIIRS_NOAA20_SP
27.60386,72.23863,349.19,0.42,0.38,2023-10-07,808,N20,VIIRS,n,2,313.44,3.84,D,0,VIIRS_NOAA20_SP
27.60458,72.24285,356.18,0.42,0.38,2023-10-07,808,N20,VIIRS,l,2,313.5,3.66,D,0,VIIRS_NOAA20_SP
27.60472,72.26466,350.86,0.42,0.38,2023-10-07,808,N20,VIIRS,n,2,314.35,5.32,D,0,VIIRS_NOAA20_SP
27.60529,72.24707,356.36,0.42,0.38,2023-10-07,808,N20,VIIRS,l,2,313.01,3.66,D,0,VIIRS_NOAA20_SP
27.60728,72.2379,338.38,0.42,0.38,2023-10-07,808,N20,VIIRS,l,2,313.1,1.96,D,0,VIIRS_NOAA20_SP
27.61013,72.25477,351.98,0.42,0.38,2023-10-07,808,N20,VIIRS,n,2,312.98,7.09,D,0,VIIRS_NOAA20_SP
27.61156,72.2632,347.44,0.42,0.38,2023-10-07,808,N20,VIIRS,n,2,313.06,3.7,D,0,VIIRS_NOAA20_SP
27.61298,72.27162,347.49,0.42,0.38,2023-10-07,808,N20,VIIRS,n,2,312.95,8.17,D,0,VIIRS_NOAA20_SP
27.79297,78.16959,332.57,0.46,0.39,2023-10-07,808,N20,VIIRS,l,2,306.96,1.61,D,0,VIIRS_NOAA20_SP
27.86123,68.90374,343.03,0.39,0.44,2023-10-07,808,N20,VIIRS,n,2,307.97,4.19,D,0,VIIRS_NOAA20_SP
27.87012,77.50954,335.17,0.44,0.38,2023-10-07,808,N20,VIIRS,n,2,307.01,3.25,D,0,VIIRS_NOAA20_SP
27.87139,77.40228,334.81,0.43,0.38,2023-10-07,808,N20,VIIRS,n,2,305.35,12.67,D,0,VIIRS_NOAA20_SP
27.87357,77.40125,345.86,0.43,0.38,2023-10-07,808,N20,VIIRS,n,2,304.26,12.84,D,0,VIIRS_NOAA20_SP
27.93645,77.74113,332.59,0.45,0.39,2023-10-07,808,N20,VIIRS,l,2,306.22,2.35,D,0,VIIRS_NOAA20_SP
28.04164,77.52391,343.06,0.44,0.38,2023-10-07,808,N20,VIIRS,n,2,305.71,6.72,D,0,VIIRS_NOAA20_SP
28.05212,79.94123,332.84,0.57,0.43,2023-10-07,808,N20,VIIRS,n,2,301.61,4.14,D,0,VIIRS_NOAA20_SP
28.05294,69.3716,332.13,0.55,0.43,2023-10-07,808,N20,VIIRS,l,2,304.45,1.95,D,2,VIIRS_NOAA20_SP
28.06042,77.26037,336.43,0.43,0.38,2023-10-07,808,N20,VIIRS,n,2,305.28,4.26,D,0,VIIRS_NOAA20_SP
28.06741,77.50153,334.63,0.44,0.38,2023-10-07,808,N20,VIIRS,n,2,303.25,1.2,D,0,VIIRS_NOAA20_SP
28.08475,78.0323,331.22,0.46,0.39,2023-10-07,808,N20,VIIRS,l,2,305.85,2.47,D,0,VIIRS_NOAA20_SP
28.18868,77.35664,340.35,0.43,0.38,2023-10-07,808,N20,VIIRS,n,2,307.42,4.59,D,0,VIIRS_NOAA20_SP
28.18971,77.35756,349.45,0.43,0.38,2023-10-07,808,N20,VIIRS,n,2,308.03,8.8,D,0,VIIRS_NOAA20_SP
28.19217,77.35606,340.42,0.43,0.38,2023-10-07,808,N20,VIIRS,n,2,307.92,4.59,D,0,VIIRS_NOAA20_SP
28.27928,73.25608,340.68,0.39,0.36,2023-10-07,808,N20,VIIRS,l,2,311.38,2.76,D,0,VIIRS_NOAA20_SP
28.28759,77.44981,340.42,0.44,0.38,2023-10-07,808,N20,VIIRS,n,2,308.14,4.81,D,0,VIIRS_NOAA20_SP
28.42752,77.41506,346.75,0.44,0.38,2023-10-07,808,N20,VIIRS,n,2,306.74,5.73,D,0,VIIRS_NOAA20_SP
28.54307,78.66946,332.89,0.5,0.41,2023-10-07,808,N20,VIIRS,n,2,304.84,2.02,D,0,VIIRS_NOAA20_SP
28.57109,78.57426,334.43,0.49,0.4,2023-10-07,808,N20,VIIRS,n,2,305.21,3.79,D,0,VIIRS_NOAA20_SP
28.59063,80.06145,334.71,0.39,0.44,2023-10-07,808,N20,VIIRS,n,2,295.5,2.45,D,0,VIIRS_NOAA20_SP
28.62292,78.62777,332.81,0.49,0.41,2023-10-07,808,N20,VIIRS,l,2,306.24,2.29,D,0,VIIRS_NOAA20_SP
28.63318,75.91306,339.35,0.4,0.37,2023-10-07,808,N20,VIIRS,n,2,309.17,2.87,D,0,VIIRS_NOAA20_SP
28.84033,79.84872,336.4,0.57,0.43,2023-10-07,808,N20,VIIRS,n,2,298.06,8.0,D,0,VIIRS_NOAA20_SP
28.85771,79.85922,343.53,0.38,0.43,2023-10-07,808,N20,VIIRS,n,2,297.84,4.38,D,0,VIIRS_NOAA20_SP
28.87236,79.70197,330.04,0.56,0.43,2023-10-07,808,N20,VIIRS,n,2,297.71,2.48,D,0,VIIRS_NOAA20_SP
28.89444,79.44209,339.23,0.55,0.42,2023-10-07,808,N20,VIIRS,n,2,302.11,9.33,D,0,VIIRS_NOAA20_SP
28.89507,79.4477,343.56,0.55,0.42,2023-10-07,808,N20,VIIRS,n,2,301.23,9.33,D,0,VIIRS_NOAA20_SP
28.90417,79.83968,332.44,0.57,0.43,2023-10-07,808,N20,VIIRS,n,2,300.77,5.76,D,0,VIIRS_NOAA20_SP
28.90816,79.83913,331.06,0.57,0.43,2023-10-07,808,N20,VIIRS,n,2,299.85,5.76,D,0,VIIRS_NOAA20_SP
28.90872,79.84402,337.34,0.38,0.43,2023-10-07,808,N20,VIIRS,n,2,298.55,8.27,D,0,VIIRS_NOAA20_SP
28.91952,79.74029,339.56,0.57,0.43,2023-10-07,808,N20,VIIRS,n,2,299.27,5.23,D,0,VIIRS_NOAA20_SP
28.92127,79.74213,331.53,0.57,0.43,2023-10-07,808,N20,VIIRS,n,2,298.66,6.03,D,0,VIIRS_NOAA20_SP
28.92507,79.3978,331.68,0.54,0.42,2023-10-07,808,N20,VIIRS,n,2,299.27,6.03,D,0,VIIRS_NOAA20_SP
28.95208,76.41837,334.02,0.41,0.37,2023-10-07,808,N20,VIIRS,n,2,300.62,3.53,D,0,VIIRS_NOAA20_SP
28.98963,79.75392,335.42,0.57,0.43,2023-10-07,808,N20,VIIRS,n,2,294.94,4.47,D,0,VIIRS_NOAA20_SP
28.99294,79.74752,338.0,0.57,0.43,2023-10-07,808,N20,VIIRS,n,2,300.86,7.04,D,0,VIIRS_NOAA20_SP
28.99625,79.74112,336.2,0.57,0.43,2023-10-07,808,N20,VIIRS,n,2,301.12,7.04,D,0,VIIRS_NOAA20_SP
29.07665,68.82341,342.35,0.57,0.43,2023-10-07,808,N20,VIIRS,n,2,313.67,4.89,D,0,VIIRS_NOAA20_SP
29.08055,68.82243,342.57,0.57,0.43,2023-10-07,808,N20,VIIRS,n,2,312.74,4.89,D,0,VIIRS_NOAA20_SP
29.1513,70.99149,331.48,0.45,0.39,2023-10-07,808,N20,VIIRS,n,2,303.44,2.4,D,0,VIIRS_NOAA20_SP
29.20543,76.17873,340.13,0.41,0.37,2023-10-07,808,N20,VIIRS,n,2,301.45,4.6,D,0,VIIRS_NOAA20_SP
29.24223,75.48183,331.71,0.39,0.36,2023-10-07,808,N20,VIIRS,l,2,303.48,0.75,D,0,VIIRS_NOAA20_SP
29.27366,75.79199,333.66,0.4,0.37,2023-10-07,808,N20,VIIRS,l,2,307.27,2.68,D,0,VIIRS_NOAA20_SP
29.29515,76.91795,331.45,0.43,0.38,2023-10-07,808,N20,VIIRS,n,2,302.89,0.88,D,0,VIIRS_NOAA20_SP
29.30662,76.84446,331.16,0.43,0.38,2023-10-07,808,N20,VIIRS,n,2,302.07,1.9,D,0,VIIRS_NOAA20_SP
29.31477,76.43985,333.53,0.41,0.37,2023-10-07,808,N20,VIIRS,n,2,301.27,2.85,D,0,VIIRS_NOAA20_SP
29.33643,77.0145,339.23,0.43,0.38,2023-10-07,808,N20,VIIRS,n,2,305.93,4.02,D,0,VIIRS_NOAA20_SP
29.40141,76.20468,344.53,0.41,0.37,2023-10-07,808,N20,VIIRS,n,2,304.57,3.67,D,0,VIIRS_NOAA20_SP
29.40341,76.09325,335.98,0.41,0.37,2023-10-07,808,N20,VIIRS,n,2,302.05,4.47,D,0,VIIRS_NOAA20_SP
29.44891,75.98833,335.44,0.4,0.37,2023-10-07,808,N20,VIIRS,n,2,302.27,2.63,D,0,VIIRS_NOAA20_SP
29.46014,76.35367,336.01,0.41,0.37,2023-10-07,808,N20,VIIRS,n,2,302.66,3.17,D,0,VIIRS_NOAA20_SP
29.46736,71.59517,342.69,0.42,0.38,2023-10-07,808,N20,VIIRS,n,2,304.58,3.03,D,0,VIIRS_NOAA20_SP
29.48693,77.22433,332.5,0.44,0.38,2023-10-07,808,N20,VIIRS,n,2,301.82,2.29,D,0,VIIRS_NOAA20_SP
29.52855,75.29775,333.42,0.39,0.36,2023-10-07,808,N20,VIIRS,n,2,300.89,2.76,D,0,VIIRS_NOAA20_SP
29.53473,73.33258,335.6,0.39,0.36,2023-10-07,808,N20,VIIRS,l,2,307.98,1.69,D,0,VIIRS_NOAA20_SP
29.53536,73.33655,338.34,0.39,0.36,2023-10-07,808,N20,VIIRS,l,2,309.74,1.69,D,0,VIIRS_NOAA20_SP
29.53787,76.43679,331.74,0.41,0.37,2023-10-07,808,N20,VIIRS,n,2,300.34,1.82,D,0,VIIRS_NOAA20_SP
29.5832,75.92657,334.85,0.4,0.37,2023-10-07,808,N20,VIIRS,n,2,303.44,2.78,D,0,VIIRS_NOAA20_SP
29.62779,75.97373,334.02,0.4,0.37,2023-10-07,808,N20,VIIRS,n,2,301.04,2.19,D,0,VIIRS_NOAA20_SP
29.6291,75.97455,334.09,0.4,0.37,2023-10-07,808,N20,VIIRS,n,2,302.4,3.37,D,0,VIIRS_NOAA20_SP
29.65174,75.21396,338.17,0.39,0.36,2023-10-07,808,N20,VIIRS,n,2,303.76,2.22,D,0,VIIRS_NOAA20_SP
29.66556,75.91272,335.93,0.4,0.37,2023-10-07,808,N20,VIIRS,n,2,301.4,1.73,D,0,VIIRS_NOAA20_SP
29.69962,75.50334,338.07,0.4,0.37,2023-10-07,808,N20,VIIRS,n,2,301.65,4.67,D,0,VIIRS_NOAA20_SP
29.78449,76.01549,336.62,0.41,0.37,2023-10-07,808,N20,VIIRS,n,2,300.27,4.88,D,0,VIIRS_NOAA20_SP
29.80066,76.36732,330.85,0.41,0.37,2023-10-07,808,N20,VIIRS,n,2,302.34,2.0,D,0,VIIRS_NOAA20_SP
29.80587,75.99452,332.69,0.41,0.37,2023-10-07,808,N20,VIIRS,n,2,301.13,4.71,D,0,VIIRS_NOAA20_SP
29.834,76.17442,330.63,0.41,0.37,2023-10-07,808,N20,VIIRS,n,2,301.05,4.92,D,0,VIIRS_NOAA20_SP
29.8374,76.17381,335.96,0.41,0.37,2023-10-07,808,N20,VIIRS,n,2,303.34,4.92,D,0,VIIRS_NOAA20_SP
29.838,75.71712,330.39,0.4,0.37,2023-10-07,808,N20,VIIRS,n,2,301.77,2.94,D,0,VIIRS_NOAA20_SP
29.83875,75.79733,332.78,0.4,0.37,2023-10-07,808,N20,VIIRS,n,2,300.29,2.42,D,0,VIIRS_NOAA20_SP
29.86176,72.73652,334.91,0.39,0.37,2023-10-07,808,N20,VIIRS,n,2,303.5,2.34,D,0,VIIRS_NOAA20_SP
29.92873,71.5145,343.15,0.42,0.38,2023-10-07,808,N20,VIIRS,n,2,305.92,3.7,D,0,VIIRS_NOAA20_SP
29.97245,75.75658,331.84,0.4,0.37,2023-10-07,808,N20,VIIRS,n,2,298.88,2.03,D,0,VIIRS_NOAA20_SP
29.99446,72.62821,346.59,0.4,0.37,2023-10-07,808,N20,VIIRS,n,2,302.28,7.21,D,0,VIIRS_NOAA20_SP
30.00731,77.1257,334.16,0.44,0.38,2023-10-07,808,N20,VIIRS,n,2,304.17,3.54,D,0,VIIRS_NOAA20_SP
30.0096,75.65244,344.37,0.4,0.37,2023-10-07,808,N20,VIIRS,n,2,301.69,9.23,D,0,VIIRS_NOAA20_SP
30.01236,77.22307,331.24,0.44,0.39,2023-10-07,808,N20,VIIRS,l,2,302.82,8.16,D,0,VIIRS_NOAA20_SP
30.01309,77.22654,335.61,0.44,0.39,2023-10-07,808,N20,VIIRS,n,2,302.32,8.32,D,0,VIIRS_NOAA20_SP
30.01866,76.79752,335.62,0.43,0.38,2023-10-07,808,N20,VIIRS,n,2,304.75,4.77,D,0,VIIRS_NOAA20_SP
30.02508,76.90118,332.3,0.43,0.38,2023-10-07,808,N20,VIIRS,l,2,305.71,4.27,D,0,VIIRS_NOAA20_SP
30.02857,76.90059,347.03,0.43,0.38,2023-10-07,808,N20,VIIRS,n,2,305.21,4.27,D,0,VIIRS_NOAA20_SP
30.04725,77.10033,334.24,0.44,0.38,2023-10-07,808,N20,VIIRS,n,2,302.5,2.65,D,0,VIIRS_NOAA20_SP
30.05809,76.79984,337.67,0.43,0.38,2023-10-07,808,N20,VIIRS,n,2,301.56,3.7,D,0,VIIRS_NOAA20_SP
30.05914,76.39352,330.72,0.42,0.37,2023-10-07,808,N20,VIIRS,l,2,303.92,2.31,D,0,VIIRS_NOAA20_SP
30.05974,76.63812,330.22,0.42,0.38,2023-10-07,808,N20,VIIRS,n,2,301.83,2.59,D,0,VIIRS_NOAA20_SP
30.06661,77.16705,331.05,0.44,0.39,2023-10-07,808,N20,VIIRS,n,2,303.02,1.52,D,0,VIIRS_NOAA20_SP
30.06666,76.61002,330.61,0.42,0.38,2023-10-07,808,N20,VIIRS,l,2,302.45,3.67,D,0,VIIRS_NOAA20_SP
30.07455,76.37758,336.37,0.42,0.37,2023-10-07,808,N20,VIIRS,n,2,304.13,3.61,D,0,VIIRS_NOAA20_SP
30.08754,76.13588,332.49,0.41,0.37,2023-10-07,808,N20,VIIRS,n,2,301.37,2.43,D,0,VIIRS_NOAA20_SP
30.1265,77.18658,335.32,0.44,0.39,2023-10-07,808,N20,VIIRS,n,2,304.19,4.86,D,0,VIIRS_NOAA20_SP
30.14232,72.99792,332.79,0.39,0.36,2023-10-07,808,N20,VIIRS,n,2,300.13,3.98,D,0,VIIRS_NOAA20_SP
30.2246,75.61441,332.09,0.4,0.37,2023-10-07,808,N20,VIIRS,n,2,299.79,2.16,D,0,VIIRS_NOAA20_SP
30.22518,77.02692,331.56,0.44,0.38,2023-10-07,808,N20,VIIRS,n,2,302.22,1.32,D,0,VIIRS_NOAA20_SP
30.22795,75.61378,332.94,0.4,0.37,2023-10-07,808,N20,VIIRS,n,2,301.0,2.16,D,0,VIIRS_NOAA20_SP
30.23441,77.12808,342.08,0.44,0.39,2023-10-07,808,N20,VIIRS,n,2,307.83,12.92,D,0,VIIRS_NOAA20_SP
30.25344,76.1244,345.43,0.41,0.37,2023-10-07,808,N20,VIIRS,n,2,302.39,7.46,D,0,VIIRS_NOAA20_SP
30.25979,76.1713,331.63,0.41,0.37,2023-10-07,808,N20,VIIRS,n,2,302.03,3.7,D,0,VIIRS_NOAA20_SP
30.26037,76.17558,333.51,0.41,0.37,2023-10-07,808,N20,VIIRS,n,2,302.87,3.7,D,0,VIIRS_NOAA20_SP
30.2769,73.24664,344.97,0.39,0.36,2023-10-07,808,N20,VIIRS,n,2,302.05,7.41,D,0,VIIRS_NOAA20_SP
30.27829,76.85621,330.41,0.43,0.38,2023-10-07,808,N20,VIIRS,n,2,301.06,2.32,D,0,VIIRS_NOAA20_SP
30.2794,73.4145,335.56,0.39,0.36,2023-10-07,808,N20,VIIRS,n,2,302.57,11.17,D,0,VIIRS_NOAA20_SP
30.28903,73.36735,333.54,0.39,0.36,2023-10-07,808,N20,VIIRS,n,2,300.99,5.69,D,0,VIIRS_NOAA20_SP
30.30075,77.00016,333.47,0.44,0.38,2023-10-07,808,N20,VIIRS,n,2,303.0,2.63,D,0,VIIRS_NOAA20_SP
30.30167,73.27438,335.02,0.39,0.36,2023-10-07,808,N20,VIIRS,n,2,298.99,4.74,D,0,VIIRS_NOAA20_SP
30.30229,73.27837,335.05,0.39,0.36,2023-10-07,808,N20,VIIRS,n,2,301.15,4.74,D,0,VIIRS_NOAA20_SP
30.30632,77.26711,332.92,0.45,0.39,2023-10-07,808,N20,VIIRS,n,2,301.86,3.13,D,0,VIIRS_NOAA20_SP
30.33451,76.1811,332.38,0.41,0.37,2023-10-07,808,N20,VIIRS,n,2,301.94,2.23,D,0,VIIRS_NOAA20_SP
30.34136,77.14916,332.6,0.45,0.39,2023-10-07,808,N20,VIIRS,n,2,302.38,2.85,D,0,VIIRS_NOAA20_SP
30.35262,73.51414,339.9,0.39,0.36,2023-10-07,808,N20,VIIRS,n,2,303.61,3.12,D,0,VIIRS_NOAA20_SP
30.3563,73.53797,330.87,0.39,0.36,2023-10-07,808,N20,VIIRS,l,2,302.35,1.76,D,0,VIIRS_NOAA20_SP
30.36383,76.98613,334.55,0.44,0.38,2023-10-07,808,N20,VIIRS,n,2,304.52,7.53,D,0,VIIRS_NOAA20_SP
30.39622,74.96413,331.76,0.39,0.36,2023-10-07,808,N20,VIIRS,n,2,299.0,1.63,D,0,VIIRS_NOAA20_SP
30.41254,76.18914,334.39,0.41,0.37,2023-10-07,808,N20,VIIRS,n,2,301.94,6.83,D,0,VIIRS_NOAA20_SP
30.47052,76.28485,334.77,0.42,0.37,2023-10-07,808,N20,VIIRS,n,2,301.11,4.11,D,0,VIIRS_NOAA20_SP
30.48138,76.28736,346.19,0.42,0.37,2023-10-07,808,N20,VIIRS,n,2,301.55,8.37,D,0,VIIRS_NOAA20_SP
30.52029,76.97061,335.64,0.44,0.38,2023-10-07,808,N20,VIIRS,n,2,303.84,2.39,D,0,VIIRS_NOAA20_SP
30.52048,76.97121,334.7,0.44,0.38,2023-10-07,808,N20,VIIRS,n,2,303.52,3.29,D,0,VIIRS_NOAA20_SP
30.52249,76.57114,334.95,0.43,0.38,2023-10-07,808,N20,VIIRS,n,2,302.64,2.9,D,0,VIIRS_NOAA20_SP
30.57571,76.59814,333.59,0.43,0.38,2023-10-07,808,N20,VIIRS,n,2,302.95,3.47,D,0,VIIRS_NOAA20_SP
30.58576,76.55262,335.23,0.43,0.38,2023-10-07,808,N20,VIIRS,n,2,301.66,1.75,D,0,VIIRS_NOAA20_SP
30.62379,76.84841,335.91,0.44,0.38,2023-10-07,808,N20,VIIRS,n,2,306.09,4.68,D,0,VIIRS_NOAA20_SP
30.62449,76.65956,334.15,0.43,0.38,2023-10-07,808,N20,VIIRS,n,2,303.64,3.65,D,0,VIIRS_NOAA20_SP
30.78892,76.6551,336.36,0.43,0.38,2023-10-07,808,N20,VIIRS,n,2,304.93,4.29,D,0,VIIRS_NOAA20_SP
29.62911,68.9282,338.91,0.55,0.43,2023-10-07,809,N20,VIIRS,l,2,313.41,7.98,D,0,VIIRS_NOAA20_SP
30.16176,71.53588,334.55,0.42,0.38,2023-10-07,809,N20,VIIRS,l,2,305.68,0.88,D,0,VIIRS_NOAA20_SP
30.22394,72.51368,333.85,0.4,0.37,2023-10-07,809,N20,VIIRS,n,2,302.87,4.91,D,0,VIIRS_NOAA20_SP
30.22993,72.61345,336.12,0.4,0.37,2023-10-07,809,N20,VIIRS,n,2,304.39,2.98,D,0,VIIRS_NOAA20_SP
30.34052,73.21757,335.73,0.39,0.36,2023-10-07,809,N20,VIIRS,n,2,302.32,6.88,D,0,VIIRS_NOAA20_SP
30.38718,73.45027,334.05,0.39,0.36,2023-10-07,809,N20,VIIRS,n,2,303.72,3.51,D,0,VIIRS_NOAA20_SP
30.40199,73.72158,332.99,0.38,0.36,2023-10-07,809,N20,VIIRS,n,2,301.59,1.77,D,0,VIIRS_NOAA20_SP
30.41943,73.57066,331.57,0.38,0.36,2023-10-07,809,N20,VIIRS,l,2,303.26,2.33,D,0,VIIRS_NOAA20_SP
30.44749,73.64271,331.31,0.38,0.36,2023-10-07,809,N20,VIIRS,l,2,303.39,2.29,D,0,VIIRS_NOAA20_SP
30.45751,73.46477,334.47,0.39,0.36,2023-10-07,809,N20,VIIRS,n,2,303.99,2.74,D,0,VIIRS_NOAA20_SP
30.45813,73.46874,332.28,0.39,0.36,2023-10-07,809,N20,VIIRS,n,2,302.14,2.74,D,0,VIIRS_NOAA20_SP
30.46142,73.46806,333.61,0.39,0.36,2023-10-07,809,N20,VIIRS,n,2,302.97,2.74,D,0,VIIRS_NOAA20_SP
30.48885,73.80202,343.22,0.38,0.36,2023-10-07,809,N20,VIIRS,n,2,303.19,2.68,D,0,VIIRS_NOAA20_SP
30.49214,73.80135,330.97,0.38,0.36,2023-10-07,809,N20,VIIRS,n,2,300.17,2.68,D,0,VIIRS_NOAA20_SP
30.51972,73.34094,335.96,0.39,0.36,2023-10-07,809,N20,VIIRS,n,2,303.93,3.39,D,0,VIIRS_NOAA20_SP
30.53458,73.50216,331.71,0.38,0.36,2023-10-07,809,N20,VIIRS,n,2,302.25,2.36,D,0,VIIRS_NOAA20_SP
30.53642,73.38269,337.32,0.39,0.36,2023-10-07,809,N20,VIIRS,n,2,303.86,4.14,D,0,VIIRS_NOAA20_SP
30.53847,73.37405,337.84,0.39,0.36,2023-10-07,809,N20,VIIRS,n,2,308.23,25.78,D,0,VIIRS_NOAA20_SP
30.55982,73.71011,337.68,0.38,0.36,2023-10-07,809,N20,VIIRS,n,2,305.44,3.43,D,0,VIIRS_NOAA20_SP
30.56331,73.18363,332.81,0.39,0.36,2023-10-07,809,N20,VIIRS,l,2,306.28,6.38,D,0,VIIRS_NOAA20_SP
30.56394,73.18763,338.82,0.39,0.36,2023-10-07,809,N20,VIIRS,n,2,308.03,7.51,D,0,VIIRS_NOAA20_SP
30.56723,73.18694,337.43,0.39,0.36,2023-10-07,809,N20,VIIRS,n,2,305.75,7.51,D,0,VIIRS_NOAA20_SP
30.57284,73.66238,335.15,0.38,0.36,2023-10-07,809,N20,VIIRS,n,2,303.24,2.61,D,0,VIIRS_NOAA20_SP
30.58736,73.44608,345.88,0.39,0.36,2023-10-07,809,N20,VIIRS,n,2,305.78,9.73,D,0,VIIRS_NOAA20_SP
30.58878,73.70008,331.97,0.38,0.36,2023-10-07,809,N20,VIIRS,l,2,304.36,2.53,D,0,VIIRS_NOAA20_SP
30.59996,73.75104,330.34,0.38,0.36,2023-10-07,809,N20,VIIRS,l,2,302.14,1.99,D,0,VIIRS_NOAA20_SP
30.60868,73.60583,343.56,0.38,0.36,2023-10-07,809,N20,VIIRS,n,2,309.38,8.37,D,0,VIIRS_NOAA20_SP
30.61197,73.60516,331.63,0.38,0.36,2023-10-07,809,N20,VIIRS,l,2,305.11,8.37,D,0,VIIRS_NOAA20_SP
30.62415,73.50827,336.72,0.38,0.36,2023-10-07,809,N20,VIIRS,n,2,304.4,4.99,D,0,VIIRS_NOAA20_SP
30.6289,73.782,330.97,0.38,0.36,2023-10-07,809,N20,VIIRS,l,2,303.53,8.68,D,0,VIIRS_NOAA20_SP
30.62895,73.9417,334.63,0.38,0.36,2023-10-07,809,N20,VIIRS,n,2,302.19,3.46,D,0,VIIRS_NOAA20_SP
30.63015,73.94965,336.75,0.38,0.36,2023-10-07,809,N20,VIIRS,n,2,302.96,4.72,D,0,VIIRS_NOAA20_SP
30.63146,73.62165,337.2,0.38,0.36,2023-10-07,809,N20,VIIRS,n,2,303.65,2.65,D,0,VIIRS_NOAA20_SP
30.644,73.88131,334.0,0.38,0.36,2023-10-07,809,N20,VIIRS,n,2,302.43,2.35,D,0,VIIRS_NOAA20_SP
30.64912,73.73691,335.71,0.38,0.36,2023-10-07,809,N20,VIIRS,n,2,304.12,3.63,D,0,VIIRS_NOAA20_SP
30.65118,73.6176,336.35,0.38,0.36,2023-10-07,809,N20,VIIRS,n,2,304.01,3.82,D,0,VIIRS_NOAA20_SP
30.68946,73.91306,342.28,0.38,0.36,2023-10-07,809,N20,VIIRS,n,2,306.91,21.82,D,0,VIIRS_NOAA20_SP
30.69242,73.88787,338.98,0.38,0.36,2023-10-07,809,N20,VIIRS,n,2,303.34,3.78,D,0,VIIRS_NOAA20_SP
30.69275,73.91239,348.72,0.38,0.36,2023-10-07,809,N20,VIIRS,n,2,300.9,21.82,D,0,VIIRS_NOAA20_SP
30.69461,73.13158,337.96,0.39,0.36,2023-10-07,809,N20,VIIRS,n,2,305.71,2.93,D,0,VIIRS_NOAA20_SP
30.69543,73.90775,344.69,0.38,0.36,2023-10-07,809,N20,VIIRS,n,2,301.25,5.53,D,0,VIIRS_NOAA20_SP
30.6979,73.13087,336.86,0.39,0.36,2023-10-07,809,N20,VIIRS,n,2,304.05,4.85,D,0,VIIRS_NOAA20_SP
30.69838,73.46037,339.09,0.38,0.36,2023-10-07,809,N20,VIIRS,n,2,301.92,2.35,D,0,VIIRS_NOAA20_SP
30.69848,74.01778,346.38,0.38,0.36,2023-10-07,809,N20,VIIRS,n,2,302.6,10.01,D,0,VIIRS_NOAA20_SP
30.71247,73.9084,336.5,0.38,0.36,2023-10-07,809,N20,VIIRS,n,2,302.49,3.66,D,0,VIIRS_NOAA20_SP
30.71275,73.70779,340.59,0.38,0.36,2023-10-07,809,N20,VIIRS,n,2,304.16,3.32,D,0,VIIRS_NOAA20_SP
30.71615,73.64147,331.4,0.38,0.36,2023-10-07,809,N20,VIIRS,n,2,302.96,1.8,D,0,VIIRS_NOAA20_SP
30.71663,73.89116,333.95,0.38,0.36,2023-10-07,809,N20,VIIRS,n,2,302.26,6.2,D,0,VIIRS_NOAA20_SP
30.73513,74.65604,331.14,0.39,0.36,2023-10-07,809,N20,VIIRS,n,2,299.83,3.33,D,0,VIIRS_NOAA20_SP
30.749,73.74548,334.07,0.38,0.36,2023-10-07,809,N20,VIIRS,n,2,302.89,2.62,D,0,VIIRS_NOAA20_SP
30.74987,73.92982,332.26,0.38,0.36,2023-10-07,809,N20,VIIRS,n,2,300.26,2.24,D,0,VIIRS_NOAA20_SP
30.75016,73.90926,334.02,0.38,0.36,2023-10-07,809,N20,VIIRS,n,2,302.46,3.12,D,0,VIIRS_NOAA20_SP
30.75131,73.87213,345.06,0.38,0.36,2023-10-07,809,N20,VIIRS,n,2,303.82,11.4,D,0,VIIRS_NOAA20_SP
30.75366,73.84295,335.88,0.38,0.36,2023-10-07,809,N20,VIIRS,n,2,302.63,2.49,D,0,VIIRS_NOAA20_SP
30.75802,73.64928,331.55,0.38,0.36,2023-10-07,809,N20,VIIRS,n,2,301.18,1.42,D,0,VIIRS_NOAA20_SP
30.7625,73.76734,333.63,0.38,0.36,2023-10-07,809,N20,VIIRS,n,2,302.58,4.39,D,0,VIIRS_NOAA20_SP
30.76265,73.70168,339.01,0.38,0.36,2023-10-07,809,N20,VIIRS,n,2,305.43,11.51,D,0,VIIRS_NOAA20_SP
30.767,73.77462,333.7,0.38,0.36,2023-10-07,809,N20,VIIRS,n,2,303.24,1.89,D,0,VIIRS_NOAA20_SP
30.76833,74.86116,331.8,0.39,0.36,2023-10-07,809,N20,VIIRS,n,2,299.58,2.72,D,0,VIIRS_NOAA20_SP
30.76902,73.96695,337.9,0.38,0.36,2023-10-07,809,N20,VIIRS,n,2,302.24,2.71,D,0,VIIRS_NOAA20_SP
30.77685,73.77261,335.74,0.38,0.36,2023-10-07,809,N20,VIIRS,n,2,302.02,3.07,D,0,VIIRS_NOAA20_SP
30.79484,73.80176,342.27,0.38,0.36,2023-10-07,809,N20,VIIRS,n,2,305.31,7.98,D,0,VIIRS_NOAA20_SP
30.79873,73.80506,330.86,0.38,0.36,2023-10-07,809,N20,VIIRS,n,2,301.94,1.93,D,0,VIIRS_NOAA20_SP
30.80278,74.12428,346.91,0.38,0.36,2023-10-07,809,N20,VIIRS,n,2,302.98,7.17,D,0,VIIRS_NOAA20_SP
30.80417,73.84087,330.1,0.38,0.36,2023-10-07,809,N20,VIIRS,l,2,302.11,2.63,D,0,VIIRS_NOAA20_SP
30.80669,73.99215,330.54,0.38,0.36,2023-10-07,809,N20,VIIRS,l,2,303.14,2.38,D,0,VIIRS_NOAA20_SP
30.80926,73.85214,332.51,0.38,0.36,2023-10-07,809,N20,VIIRS,n,2,305.15,4.5,D,0,VIIRS_NOAA20_SP
30.80987,73.85612,334.93,0.38,0.36,2023-10-07,809,N20,VIIRS,n,2,302.65,4.5,D,0,VIIRS_NOAA20_SP
30.81255,73.85148,335.69,0.38,0.36,2023-10-07,809,N20,VIIRS,n,2,303.37,4.5,D,0,VIIRS_NOAA20_SP
30.81315,73.85545,331.54,0.38,0.36,2023-10-07,809,N20,VIIRS,n,2,301.53,4.5,D,0,VIIRS_NOAA20_SP
30.81333,76.0023,334.08,0.41,0.37,2023-10-07,809,N20,VIIRS,n,2,301.89,2.86,D,0,VIIRS_NOAA20_SP
30.8149,73.82228,336.87,0.38,0.36,2023-10-07,809,N20,VIIRS,n,2,301.46,3.26,D,0,VIIRS_NOAA20_SP
30.84227,70.77814,342.06,0.44,0.38,2023-10-07,809,N20,VIIRS,n,2,305.6,3.54,D,0,VIIRS_NOAA20_SP
30.84444,73.81284,345.35,0.38,0.36,2023-10-07,809,N20,VIIRS,n,2,303.46,11.21,D,0,VIIRS_NOAA20_SP
30.84571,73.86593,334.83,0.38,0.36,2023-10-07,809,N20,VIIRS,n,2,302.2,22.49,D,0,VIIRS_NOAA20_SP
30.88999,74.81328,332.22,0.39,0.36,2023-10-07,809,N20,VIIRS,n,2,300.83,3.17,D,0,VIIRS_NOAA20_SP
30.90348,74.04724,335.91,0.38,0.36,2023-10-07,809,N20,VIIRS,n,2,304.43,3.47,D,0,VIIRS_NOAA20_SP
30.92442,74.30217,336.14,0.39,0.36,2023-10-07,809,N20,VIIRS,n,2,302.16,1.95,D,0,VIIRS_NOAA20_SP
30.9305,74.25155,332.9,0.39,0.36,2023-10-07,809,N20,VIIRS,n,2,301.69,2.65,D,0,VIIRS_NOAA20_SP
30.9322,76.15865,332.13,0.42,0.37,2023-10-07,809,N20,VIIRS,n,2,299.57,4.96,D,0,VIIRS_NOAA20_SP
30.93784,74.32423,333.5,0.39,0.36,2023-10-07,809,N20,VIIRS,n,2,302.53,0.97,D,0,VIIRS_NOAA20_SP
30.93815,74.09782,334.0,0.38,0.36,2023-10-07,809,N20,VIIRS,n,2,302.27,2.46,D,0,VIIRS_NOAA20_SP
30.94174,73.9861,337.28,0.38,0.36,2023-10-07,809,N20,VIIRS,n,2,303.63,2.78,D,0,VIIRS_NOAA20_SP
30.94588,74.54161,350.93,0.39,0.36,2023-10-07,809,N20,VIIRS,n,2,308.96,13.56,D,0,VIIRS_NOAA20_SP
30.94918,74.54096,338.18,0.39,0.36,2023-10-07,809,N20,VIIRS,n,2,301.27,13.56,D,0,VIIRS_NOAA20_SP
30.9531,74.10715,336.39,0.38,0.36,2023-10-07,809,N20,VIIRS,n,2,303.97,7.14,D,0,VIIRS_NOAA20_SP
30.96212,76.203,334.06,0.42,0.38,2023-10-07,809,N20,VIIRS,n,2,302.96,5.4,D,0,VIIRS_NOAA20_SP
30.96239,74.53837,334.4,0.39,0.36,2023-10-07,809,N20,VIIRS,n,2,301.96,5.69,D,0,VIIRS_NOAA20_SP
30.96298,74.5424,334.02,0.39,0.36,2023-10-07,809,N20,VIIRS,n,2,303.05,5.69,D,0,VIIRS_NOAA20_SP
30.96747,74.06725,334.44,0.38,0.36,2023-10-07,809,N20,VIIRS,n,2,302.39,2.02,D,0,VIIRS_NOAA20_SP
30.96806,74.07124,333.68,0.38,0.36,2023-10-07,809,N20,VIIRS,n,2,301.28,2.02,D,0,VIIRS_NOAA20_SP
30.97619,74.5398,341.42,0.39,0.36,2023-10-07,809,N20,VIIRS,n,2,303.19,4.21,D,0,VIIRS_NOAA20_SP
30.98358,74.17514,332.85,0.38,0.36,2023-10-07,809,N20,VIIRS,n,2,302.39,1.32,D,0,VIIRS_NOAA20_SP
30.9848,74.13785,333.89,0.38,0.36,2023-10-07,809,N20,VIIRS,n,2,301.07,2.39,D,0,VIIRS_NOAA20_SP
30.98742,74.2238,334.98,0.39,0.36,2023-10-07,809,N20,VIIRS,n,2,305.89,5.89,D,0,VIIRS_NOAA20_SP
30.98799,74.22771,334.36,0.39,0.36,2023-10-07,809,N20,VIIRS,n,2,302.13,4.56,D,0,VIIRS_NOAA20_SP
30.99317,74.14852,333.76,0.38,0.36,2023-10-07,809,N20,VIIRS,n,2,302.46,3.18,D,0,VIIRS_NOAA20_SP
30.99376,74.15252,344.88,0.38,0.36,2023-10-07,809,N20,VIIRS,n,2,303.76,6.19,D,0,VIIRS_NOAA20_SP
30.99759,74.1315,333.51,0.38,0.36,2023-10-07,809,N20,VIIRS,n,2,302.17,2.26,D,0,VIIRS_NOAA20_SP
31.0124,74.23143,335.74,0.39,0.36,2023-10-07,809,N20,VIIRS,n,2,302.5,8.33,D,0,VIIRS_NOAA20_SP
31.01696,74.19353,345.65,0.39,0.36,2023-10-07,809,N20,VIIRS,n,2,304.4,4.87,D,0,VIIRS_NOAA20_SP
31.02445,74.33629,341.21,0.39,0.36,2023-10-07,809,N20,VIIRS,n,2,302.99,3.88,D,0,VIIRS_NOAA20_SP
31.03086,77.52019,330.04,0.47,0.4,2023-10-07,809,N20,VIIRS,n,2,295.81,11.75,D,0,VIIRS_NOAA20_SP
31.03485,70.66989,336.42,0.44,0.38,2023-10-07,809,N20,VIIRS,l,2,309.35,2.84,D,0,VIIRS_NOAA20_SP
31.05235,74.31836,339.23,0.39,0.36,2023-10-07,809,N20,VIIRS,n,2,305.28,4.05,D,0,VIIRS_NOAA20_SP
31.05565,74.3177,342.04,0.39,0.36,2023-10-07,809,N20,VIIRS,n,2,315.15,51.99,D,0,VIIRS_NOAA20_SP
31.05623,74.32172,335.18,0.39,0.36,2023-10-07,809,N20,VIIRS,n,2,301.44,4.63,D,0,VIIRS_NOAA20_SP
31.05978,74.3458,341.03,0.39,0.36,2023-10-07,809,N20,VIIRS,n,2,303.88,2.93,D,0,VIIRS_NOAA20_SP
31.10601,74.29117,332.44,0.39,0.36,2023-10-07,809,N20,VIIRS,l,2,303.85,1.78,D,0,VIIRS_NOAA20_SP
31.11249,70.63406,335.99,0.44,0.38,2023-10-07,809,N20,VIIRS,l,2,308.31,3.34,D,0,VIIRS_NOAA20_SP
31.15696,74.40591,336.73,0.39,0.36,2023-10-07,809,N20,VIIRS,n,2,304.76,4.75,D,0,VIIRS_NOAA20_SP
31.15755,74.40994,334.82,0.39,0.36,2023-10-07,809,N20,VIIRS,n,2,302.99,2.63,D,0,VIIRS_NOAA20_SP
31.16485,75.17388,331.03,0.4,0.37,2023-10-07,809,N20,VIIRS,n,2,300.83,1.67,D,0,VIIRS_NOAA20_SP
31.18883,74.83621,344.65,0.39,0.36,2023-10-07,809,N20,VIIRS,n,2,301.07,6.51,D,0,VIIRS_NOAA20_SP
31.25838,75.14017,334.42,0.4,0.37,2023-10-07,809,N20,VIIRS,n,2,302.23,5.38,D,0,VIIRS_NOAA20_SP
31.26235,75.04615,334.21,0.39,0.37,2023-10-07,809,N20,VIIRS,n,2,300.23,6.02,D,0,VIIRS_NOAA20_SP
31.28612,75.02046,330.27,0.39,0.36,2023-10-07,809,N20,VIIRS,n,2,299.39,1.97,D,0,VIIRS_NOAA20_SP
31.31486,75.27432,345.15,0.4,0.37,2023-10-07,809,N20,VIIRS,n,2,300.94,4.4,D,0,VIIRS_NOAA20_SP
31.31705,74.57362,332.48,0.39,0.36,2023-10-07,809,N20,VIIRS,n,2,300.03,2.6,D,0,VIIRS_NOAA20_SP
31.34837,70.85207,334.56,0.43,0.38,2023-10-07,809,N20,VIIRS,l,2,307.2,2.85,D,0,VIIRS_NOAA20_SP
31.38544,75.07761,333.74,0.4,0.37,2023-10-07,809,N20,VIIRS,l,2,304.15,3.35,D,0,VIIRS_NOAA20_SP
31.38602,75.08174,334.22,0.4,0.37,2023-10-07,809,N20,VIIRS,n,2,302.53,3.35,D,0,VIIRS_NOAA20_SP
31.39469,75.4268,339.16,0.4,0.37,2023-10-07,809,N20,VIIRS,n,2,304.59,8.43,D,0,VIIRS_NOAA20_SP
31.39593,75.42659,337.48,0.4,0.37,2023-10-07,809,N20,VIIRS,n,2,304.39,9.09,D,0,VIIRS_NOAA20_SP
31.39615,75.20335,333.41,0.4,0.37,2023-10-07,809,N20,VIIRS,n,2,302.05,9.06,D,0,VIIRS_NOAA20_SP
31.3995,75.20271,332.73,0.4,0.37,2023-10-07,809,N20,VIIRS,n,2,298.86,2.04,D,0,VIIRS_NOAA20_SP
31.40883,70.68369,337.88,0.44,0.38,2023-10-07,809,N20,VIIRS,n,2,309.25,2.83,D,0,VIIRS_NOAA20_SP
31.41917,74.88074,344.97,0.39,0.36,2023-10-07,809,N20,VIIRS,n,2,302.4,4.19,D,0,VIIRS_NOAA20_SP
31.42832,75.53745,332.96,0.4,0.37,2023-10-07,809,N20,VIIRS,n,2,301.53,3.3,D,0,VIIRS_NOAA20_SP
31.43937,75.14393,335.39,0.4,0.37,2023-10-07,809,N20,VIIRS,n,2,301.32,3.74,D,0,VIIRS_NOAA20_SP
31.44701,74.00113,333.1,0.38,0.36,2023-10-07,809,N20,VIIRS,n,2,301.04,2.0,D,0,VIIRS_NOAA20_SP
31.46351,75.46586,331.14,0.4,0.37,2023-10-07,809,N20,VIIRS,n,2,302.21,2.15,D,0,VIIRS_NOAA20_SP
31.46696,74.81346,335.58,0.39,0.36,2023-10-07,809,N20,VIIRS,n,2,301.42,3.25,D,0,VIIRS_NOAA20_SP
31.47912,75.06927,342.35,0.4,0.37,2023-10-07,809,N20,VIIRS,n,2,301.46,5.54,D,0,VIIRS_NOAA20_SP
31.48797,74.60364,335.5,0.39,0.36,2023-10-07,809,N20,VIIRS,n,2,303.22,1.64,D,0,VIIRS_NOAA20_SP
31.508,74.8857,333.2,0.39,0.36,2023-10-07,809,N20,VIIRS,n,2,301.06,2.49,D,0,VIIRS_NOAA20_SP
31.52107,74.57663,334.38,0.39,0.36,2023-10-07,809,N20,VIIRS,n,2,302.14,2.53,D,0,VIIRS_NOAA20_SP
31.52228,75.10789,333.14,0.4,0.37,2023-10-07,809,N20,VIIRS,n,2,302.77,3.36,D,0,VIIRS_NOAA20_SP
31.52286,75.11205,330.47,0.4,0.37,2023-10-07,809,N20,VIIRS,n,2,300.87,2.12,D,0,VIIRS_NOAA20_SP
31.52672,75.01767,344.83,0.4,0.37,2023-10-07,809,N20,VIIRS,n,2,304.56,8.62,D,0,VIIRS_NOAA20_SP
31.52864,75.05556,334.17,0.4,0.37,2023-10-07,809,N20,VIIRS,n,2,302.92,3.55,D,0,VIIRS_NOAA20_SP
31.52927,75.15781,345.72,0.4,0.37,2023-10-07,809,N20,VIIRS,n,2,303.47,4.3,D,0,VIIRS_NOAA20_SP
31.54056,74.59374,344.21,0.39,0.36,2023-10-07,809,N20,VIIRS,n,2,306.55,12.02,D,0,VIIRS_NOAA20_SP
31.54155,74.88817,332.25,0.39,0.36,2023-10-07,809,N20,VIIRS,n,2,300.46,2.13,D,0,VIIRS_NOAA20_SP
31.54252,74.63109,340.86,0.39,0.36,2023-10-07,809,N20,VIIRS,n,2,305.69,9.92,D,0,VIIRS_NOAA20_SP
31.54311,74.63517,330.88,0.39,0.36,2023-10-07,809,N20,VIIRS,n,2,301.78,2.01,D,0,VIIRS_NOAA20_SP
31.54735,74.92941,334.53,0.39,0.36,2023-10-07,809,N20,VIIRS,n,2,301.09,2.66,D,0,VIIRS_NOAA20_SP
31.55012,74.61283,335.19,0.39,0.36,2023-10-07,809,N20,VIIRS,n,2,301.48,3.61,D,0,VIIRS_NOAA20_SP
31.55301,75.20464,335.48,0.4,0.37,2023-10-07,809,N20,VIIRS,n,2,305.27,9.38,D,0,VIIRS_NOAA20_SP
31.5536,75.20881,333.35,0.4,0.37,2023-10-07,809,N20,VIIRS,n,2,300.56,4.6,D,0,VIIRS_NOAA20_SP
31.55687,74.8514,336.81,0.39,0.36,2023-10-07,809,N20,VIIRS,n,2,303.84,4.85,D,0,VIIRS_NOAA20_SP
31.55697,74.70807,330.4,0.39,0.36,2023-10-07,809,N20,VIIRS,n,2,301.57,3.17,D,0,VIIRS_NOAA20_SP
31.55745,74.85552,332.79,0.39,0.36,2023-10-07,809,N20,VIIRS,n,2,300.83,4.85,D,0,VIIRS_NOAA20_SP
31.55755,74.71215,331.48,0.39,0.36,2023-10-07,809,N20,VIIRS,n,2,299.2,3.17,D,0,VIIRS_NOAA20_SP
31.56516,75.09546,334.69,0.4,0.37,2023-10-07,809,N20,VIIRS,n,2,304.54,5.73,D,0,VIIRS_NOAA20_SP
31.56934,75.22298,336.62,0.4,0.37,2023-10-07,809,N20,VIIRS,n,2,301.01,2.91,D,0,VIIRS_NOAA20_SP
31.5722,75.14538,341.26,0.4,0.37,2023-10-07,809,N20,VIIRS,n,2,303.55,3.97,D,0,VIIRS_NOAA20_SP
31.5727,75.22235,330.84,0.4,0.37,2023-10-07,809,N20,VIIRS,n,2,302.47,2.19,D,0,VIIRS_NOAA20_SP
31.57407,75.14561,330.14,0.4,0.37,2023-10-07,809,N20,VIIRS,l,2,301.5,1.2,D,0,VIIRS_NOAA20_SP
31.57589,74.79282,331.89,0.39,0.36,2023-10-07,809,N20,VIIRS,l,2,305.89,3.67,D,0,VIIRS_NOAA20_SP
31.57647,74.79693,330.39,0.39,0.36,2023-10-07,809,N20,VIIRS,l,2,305.12,3.32,D,0,VIIRS_NOAA20_SP
31.57973,75.16165,337.39,0.4,0.37,2023-10-07,809,N20,VIIRS,n,2,303.24,2.94,D,0,VIIRS_NOAA20_SP
31.58232,74.83802,338.22,0.39,0.36,2023-10-07,809,N20,VIIRS,n,2,304.1,2.71,D,0,VIIRS_NOAA20_SP
31.59625,75.23141,344.96,0.4,0.37,2023-10-07,809,N20,VIIRS,n,2,302.13,6.4,D,0,VIIRS_NOAA20_SP
31.5976,73.9175,336.28,0.38,0.36,2023-10-07,809,N20,VIIRS,n,2,301.3,2.02,D,0,VIIRS_NOAA20_SP
31.59914,74.71667,338.13,0.39,0.36,2023-10-07,809,N20,VIIRS,n,2,302.4,4.13,D,0,VIIRS_NOAA20_SP
31.60509,74.03609,340.01,0.39,0.36,2023-10-07,809,N20,VIIRS,n,2,301.87,3.87,D,0,VIIRS_NOAA20_SP
31.61013,74.60616,343.53,0.39,0.36,2023-10-07,809,N20,VIIRS,n,2,307.31,13.13,D,0,VIIRS_NOAA20_SP
31.6107,75.21149,331.05,0.4,0.37,2023-10-07,809,N20,VIIRS,n,2,302.94,4.47,D,0,VIIRS_NOAA20_SP
31.61128,75.21568,333.03,0.4,0.37,2023-10-07,809,N20,VIIRS,n,2,300.58,4.87,D,0,VIIRS_NOAA20_SP
31.62089,75.23534,337.62,0.4,0.37,2023-10-07,809,N20,VIIRS,n,2,302.06,3.63,D,0,VIIRS_NOAA20_SP
31.63269,75.04901,339.81,0.4,0.37,2023-10-07,809,N20,VIIRS,n,2,305.98,9.75,D,0,VIIRS_NOAA20_SP
31.63928,75.12038,336.51,0.4,0.37,2023-10-07,809,N20,VIIRS,n,2,303.98,2.9,D,0,VIIRS_NOAA20_SP
31.6403,75.20158,337.18,0.4,0.37,2023-10-07,809,N20,VIIRS,n,2,304.29,5.61,D,0,VIIRS_NOAA20_SP
31.65191,75.08804,335.84,0.4,0.37,2023-10-07,809,N20,VIIRS,n,2,305.2,3.2,D,0,VIIRS_NOAA20_SP
31.65553,73.02716,333.64,0.39,0.36,2023-10-07,809,N20,VIIRS,n,2,303.0,1.94,D,0,VIIRS_NOAA20_SP
31.65588,75.28899,333.38,0.4,0.37,2023-10-07,809,N20,VIIRS,n,2,303.0,3.55,D,0,VIIRS_NOAA20_SP
31.65882,75.21096,335.56,0.4,0.37,2023-10-07,809,N20,VIIRS,n,2,302.59,2.75,D,0,VIIRS_NOAA20_SP
31.6591,72.98474,338.54,0.39,0.36,2023-10-07,809,N20,VIIRS,n,2,303.37,2.91,D,0,VIIRS_NOAA20_SP
31.66312,75.09445,335.02,0.4,0.37,2023-10-07,809,N20,VIIRS,n,2,302.75,2.52,D,0,VIIRS_NOAA20_SP
31.66448,72.69562,336.26,0.39,0.36,2023-10-07,809,N20,VIIRS,n,2,304.79,1.52,D,0,VIIRS_NOAA20_SP
31.66483,73.91252,336.94,0.38,0.36,2023-10-07,809,N20,VIIRS,n,2,302.38,3.2,D,0,VIIRS_NOAA20_SP
31.66646,75.09382,336.31,0.4,0.37,2023-10-07,809,N20,VIIRS,n,2,304.1,2.52,D,0,VIIRS_NOAA20_SP
31.67116,75.12715,347.31,0.4,0.37,2023-10-07,809,N20,VIIRS,n,2,304.62,6.09,D,0,VIIRS_NOAA20_SP
31.67401,73.01488,334.61,0.39,0.36,2023-10-07,809,N20,VIIRS,n,2,304.71,2.2,D,0,VIIRS_NOAA20_SP
31.67463,73.01891,334.67,0.39,0.36,2023-10-07,809,N20,VIIRS,n,2,303.93,2.2,D,0,VIIRS_NOAA20_SP
31.67798,74.96471,334.15,0.4,0.37,2023-10-07,809,N20,VIIRS,n,2,305.52,2.65,D,0,VIIRS_NOAA20_SP
31.6813,75.06211,330.77,0.4,0.37,2023-10-07,809,N20,VIIRS,l,2,304.29,1.8,D,0,VIIRS_NOAA20_SP
31.683,73.60227,341.81,0.38,0.36,2023-10-07,809,N20,VIIRS,n,2,304.03,4.19,D,0,VIIRS_NOAA20_SP
31.68339,72.98787,333.95,0.39,0.36,2023-10-07,809,N20,VIIRS,n,2,303.26,2.02,D,0,VIIRS_NOAA20_SP
31.68842,74.94144,330.81,0.39,0.37,2023-10-07,809,N20,VIIRS,l,2,304.37,2.03,D,0,VIIRS_NOAA20_SP
31.6898,73.18198,332.34,0.38,0.36,2023-10-07,809,N20,VIIRS,l,2,303.09,2.23,D,0,VIIRS_NOAA20_SP
31.69259,73.8488,335.15,0.38,0.36,2023-10-07,809,N20,VIIRS,n,2,301.76,2.92,D,0,VIIRS_NOAA20_SP
31.71077,74.95415,331.29,0.39,0.37,2023-10-07,809,N20,VIIRS,n,2,302.88,1.85,D,0,VIIRS_NOAA20_SP
31.71091,75.17641,343.08,0.4,0.37,2023-10-07,809,N20,VIIRS,n,2,305.26,16.29,D,0,VIIRS_NOAA20_SP
31.71239,75.1375,333.39,0.4,0.37,2023-10-07,809,N20,VIIRS,n,2,303.25,1.53,D,0,VIIRS_NOAA20_SP
31.71936,73.68591,333.07,0.38,0.36,2023-10-07,809,N20,VIIRS,n,2,301.37,3.33,D,0,VIIRS_NOAA20_SP
31.72957,73.70867,335.24,0.38,0.36,2023-10-07,809,N20,VIIRS,n,2,302.07,2.97,D,0,VIIRS_NOAA20_SP
31.73012,75.0186,334.23,0.4,0.37,2023-10-07,809,N20,VIIRS,n,2,303.54,2.1,D,0,VIIRS_NOAA20_SP
31.73037,75.26744,346.05,0.4,0.37,2023-10-07,809,N20,VIIRS,n,2,301.9,5.41,D,0,VIIRS_NOAA20_SP
31.73254,74.96273,338.52,0.4,0.37,2023-10-07,809,N20,VIIRS,n,2,304.62,2.94,D,0,VIIRS_NOAA20_SP
31.73736,73.71535,333.07,0.38,0.36,2023-10-07,809,N20,VIIRS,n,2,301.42,2.0,D,0,VIIRS_NOAA20_SP
31.73862,74.95731,336.31,0.4,0.37,2023-10-07,809,N20,VIIRS,n,2,304.47,2.53,D,0,VIIRS_NOAA20_SP
31.73983,74.89328,339.93,0.39,0.36,2023-10-07,809,N20,VIIRS,n,2,303.57,2.74,D,0,VIIRS_NOAA20_SP
31.74061,70.78691,333.06,0.43,0.38,2023-10-07,809,N20,VIIRS,n,2,304.25,1.1,D,0,VIIRS_NOAA20_SP
31.74557,75.07977,330.42,0.4,0.37,2023-10-07,809,N20,VIIRS,n,2,302.7,1.87,D,0,VIIRS_NOAA20_SP
31.74687,74.94295,331.77,0.39,0.37,2023-10-07,809,N20,VIIRS,l,2,303.96,2.53,D,0,VIIRS_NOAA20_SP
31.7505,73.71265,334.92,0.38,0.36,2023-10-07,809,N20,VIIRS,n,2,302.62,2.29,D,0,VIIRS_NOAA20_SP
31.75075,75.01892,330.8,0.4,0.37,2023-10-07,809,N20,VIIRS,n,2,301.83,2.19,D,0,VIIRS_NOAA20_SP
31.75282,73.04013,334.74,0.39,0.36,2023-10-07,809,N20,VIIRS,n,2,303.77,4.53,D,0,VIIRS_NOAA20_SP
31.75315,74.96304,334.98,0.4,0.37,2023-10-07,809,N20,VIIRS,n,2,305.11,4.7,D,0,VIIRS_NOAA20_SP
31.75546,74.89087,333.26,0.39,0.36,2023-10-07,809,N20,VIIRS,l,2,303.76,2.88,D,0,VIIRS_NOAA20_SP
31.75607,74.06841,334.23,0.39,0.36,2023-10-07,809,N20,VIIRS,n,2,303.03,3.23,D,0,VIIRS_NOAA20_SP
31.75682,73.73208,334.13,0.38,0.36,2023-10-07,809,N20,VIIRS,n,2,302.2,2.23,D,0,VIIRS_NOAA20_SP
31.76427,74.71124,332.81,0.39,0.36,2023-10-07,809,N20,VIIRS,n,2,301.78,1.97,D,0,VIIRS_NOAA20_SP
31.76439,75.14048,340.72,0.4,0.37,2023-10-07,809,N20,VIIRS,n,2,303.07,4.25,D,0,VIIRS_NOAA20_SP
31.76628,75.00739,330.78,0.4,0.37,2023-10-07,809,N20,VIIRS,n,2,303.36,1.78,D,0,VIIRS_NOAA20_SP
31.76789,74.83326,335.38,0.39,0.36,2023-10-07,809,N20,VIIRS,n,2,300.41,2.72,D,0,VIIRS_NOAA20_SP
31.76984,74.51231,334.09,0.39,0.36,2023-10-07,809,N20,VIIRS,n,2,302.87,2.06,D,0,VIIRS_NOAA20_SP
31.77213,74.98558,335.9,0.4,0.37,2023-10-07,809,N20,VIIRS,n,2,302.75,4.28,D,0,VIIRS_NOAA20_SP
31.77437,73.69113,330.96,0.38,0.36,2023-10-07,809,N20,VIIRS,l,2,301.79,2.21,D,0,VIIRS_NOAA20_SP
31.78054,74.99677,336.37,0.4,0.37,2023-10-07,809,N20,VIIRS,n,2,302.39,3.37,D,0,VIIRS_NOAA20_SP
31.78112,74.90292,331.2,0.39,0.37,2023-10-07,809,N20,VIIRS,n,2,302.48,2.01,D,0,VIIRS_NOAA20_SP
31.78302,73.68105,352.38,0.38,0.36,2023-10-07,809,N20,VIIRS,n,2,308.54,9.57,D,0,VIIRS_NOAA20_SP
31.78363,73.68507,339.08,0.38,0.36,2023-10-07,809,N20,VIIRS,n,2,303.57,9.57,D,0,VIIRS_NOAA20_SP
31.7863,73.68037,336.42,0.38,0.36,2023-10-07,809,N20,VIIRS,n,2,301.34,9.57,D,0,VIIRS_NOAA20_SP
31.7864,74.2289,330.28,0.39,0.36,2023-10-07,809,N20,VIIRS,n,2,300.36,1.09,D,0,VIIRS_NOAA20_SP
31.78701,73.73,341.21,0.38,0.36,2023-10-07,809,N20,VIIRS,n,2,302.37,4.27,D,0,VIIRS_NOAA20_SP
31.78736,74.92298,337.88,0.39,0.37,2023-10-07,809,N20,VIIRS,n,2,302.6,3.58,D,0,VIIRS_NOAA20_SP
31.7881,74.07858,337.09,0.39,0.36,2023-10-07,809,N20,VIIRS,n,2,302.69,2.73,D,0,VIIRS_NOAA20_SP
31.78869,74.08263,330.08,0.39,0.36,2023-10-07,809,N20,VIIRS,n,2,301.76,2.73,D,0,VIIRS_NOAA20_SP
31.78955,75.01212,330.17,0.4,0.37,2023-10-07,809,N20,VIIRS,l,2,303.0,3.65,D,0,VIIRS_NOAA20_SP
31.79012,75.01629,333.94,0.4,0.37,2023-10-07,809,N20,VIIRS,n,2,302.23,3.65,D,0,VIIRS_NOAA20_SP
31.79048,74.09475,332.05,0.39,0.36,2023-10-07,809,N20,VIIRS,l,2,302.12,2.48,D,0,VIIRS_NOAA20_SP
31.79082,73.98238,333.99,0.39,0.36,2023-10-07,809,N20,VIIRS,n,2,300.98,2.66,D,0,VIIRS_NOAA20_SP
31.79493,74.66306,330.11,0.39,0.36,2023-10-07,809,N20,VIIRS,n,2,299.9,2.29,D,0,VIIRS_NOAA20_SP
31.79582,74.41093,330.16,0.39,0.36,2023-10-07,809,N20,VIIRS,n,2,301.79,2.49,D,0,VIIRS_NOAA20_SP
31.79723,73.61629,336.31,0.38,0.36,2023-10-07,809,N20,VIIRS,n,2,304.12,8.05,D,0,VIIRS_NOAA20_SP
31.79902,72.684,344.06,0.39,0.36,2023-10-07,809,N20,VIIRS,n,2,305.17,6.98,D,0,VIIRS_NOAA20_SP
31.7992,73.99316,341.84,0.39,0.36,2023-10-07,809,N20,VIIRS,n,2,302.21,4.89,D,0,VIIRS_NOAA20_SP
31.7998,73.99719,334.08,0.39,0.36,2023-10-07,809,N20,VIIRS,n,2,301.75,4.89,D,0,VIIRS_NOAA20_SP
31.80052,73.61562,332.56,0.38,0.36,2023-10-07,809,N20,VIIRS,n,2,300.03,2.35,D,0,VIIRS_NOAA20_SP
31.80062,73.66122,333.96,0.38,0.36,2023-10-07,809,N20,VIIRS,n,2,302.66,4.54,D,0,VIIRS_NOAA20_SP
31.80248,75.03103,333.33,0.4,0.37,2023-10-07,809,N20,VIIRS,n,2,301.11,2.34,D,0,VIIRS_NOAA20_SP
31.80309,73.99652,332.73,0.39,0.36,2023-10-07,809,N20,VIIRS,n,2,300.51,3.44,D,0,VIIRS_NOAA20_SP
31.80396,73.88839,335.97,0.38,0.36,2023-10-07,809,N20,VIIRS,n,2,301.86,2.84,D,0,VIIRS_NOAA20_SP
31.80457,74.40082,332.95,0.39,0.36,2023-10-07,809,N20,VIIRS,n,2,301.81,3.77,D,0,VIIRS_NOAA20_SP
31.80618,74.45917,334.74,0.39,0.36,2023-10-07,809,N20,VIIRS,n,2,301.58,2.48,D,0,VIIRS_NOAA20_SP
31.80659,74.15813,339.29,0.39,0.36,2023-10-07,809,N20,VIIRS,n,2,300.88,2.54,D,0,VIIRS_NOAA20_SP
31.80758,74.00392,343.46,0.39,0.36,2023-10-07,809,N20,VIIRS,n,2,302.03,4.16,D,0,VIIRS_NOAA20_SP
31.80931,74.31618,349.05,0.39,0.36,2023-10-07,809,N20,VIIRS,n,2,302.43,5.99,D,0,VIIRS_NOAA20_SP
31.80978,74.36627,333.35,0.39,0.36,2023-10-07,809,N20,VIIRS,n,2,301.63,2.39,D,0,VIIRS_NOAA20_SP
31.81235,74.76109,334.83,0.39,0.36,2023-10-07,809,N20,VIIRS,n,2,301.44,3.05,D,0,VIIRS_NOAA20_SP
31.81261,74.31552,335.58,0.39,0.36,2023-10-07,809,N20,VIIRS,n,2,301.88,5.99,D,0,VIIRS_NOAA20_SP
31.81333,73.74574,336.03,0.38,0.36,2023-10-07,809,N20,VIIRS,n,2,301.3,2.04,D,0,VIIRS_NOAA20_SP
31.81565,74.68855,343.11,0.39,0.36,2023-10-07,809,N20,VIIRS,n,2,300.68,5.33,D,0,VIIRS_NOAA20_SP
31.8187,73.73634,333.73,0.38,0.36,2023-10-07,809,N20,VIIRS,n,2,301.26,5.12,D,0,VIIRS_NOAA20_SP
31.81904,74.47762,344.71,0.39,0.36,2023-10-07,809,N20,VIIRS,n,2,301.27,5.14,D,0,VIIRS_NOAA20_SP
31.82195,74.00932,332.52,0.39,0.36,2023-10-07,809,N20,VIIRS,n,2,300.77,1.35,D,0,VIIRS_NOAA20_SP
31.82282,73.90116,337.81,0.38,0.36,2023-10-07,809,N20,VIIRS,n,2,301.16,3.59,D,0,VIIRS_NOAA20_SP
31.82292,74.76326,330.96,0.39,0.36,2023-10-07,809,N20,VIIRS,n,2,300.83,2.12,D,0,VIIRS_NOAA20_SP
31.82362,75.23329,333.45,0.4,0.37,2023-10-07,809,N20,VIIRS,n,2,300.89,1.99,D,0,VIIRS_NOAA20_SP
31.82388,74.22973,337.32,0.39,0.36,2023-10-07,809,N20,VIIRS,n,2,300.74,4.01,D,0,VIIRS_NOAA20_SP
31.82643,74.0625,333.42,0.39,0.36,2023-10-07,809,N20,VIIRS,n,2,301.08,2.24,D,0,VIIRS_NOAA20_SP
31.82988,74.22436,332.11,0.39,0.36,2023-10-07,809,N20,VIIRS,n,2,300.84,1.93,D,0,VIIRS_NOAA20_SP
31.83826,74.23519,330.65,0.39,0.36,2023-10-07,809,N20,VIIRS,n,2,299.1,1.67,D,0,VIIRS_NOAA20_SP
31.84465,73.70607,333.28,0.38,0.36,2023-10-07,809,N20,VIIRS,n,2,301.12,3.32,D,0,VIIRS_NOAA20_SP
31.84766,74.13734,334.0,0.39,0.36,2023-10-07,809,N20,VIIRS,n,2,301.02,1.05,D,0,VIIRS_NOAA20_SP
31.8532,74.66882,341.43,0.39,0.36,2023-10-07,809,N20,VIIRS,n,2,302.99,5.95,D,0,VIIRS_NOAA20_SP
31.85422,74.18192,332.17,0.39,0.36,2023-10-07,809,N20,VIIRS,n,2,300.23,2.2,D,0,VIIRS_NOAA20_SP
31.85766,73.12257,341.34,0.38,0.36,2023-10-07,809,N20,VIIRS,n,2,303.06,3.81,D,0,VIIRS_NOAA20_SP
31.85815,73.7282,333.73,0.38,0.36,2023-10-07,809,N20,VIIRS,n,2,302.46,1.8,D,0,VIIRS_NOAA20_SP
31.85983,74.40661,343.69,0.39,0.36,2023-10-07,809,N20,VIIRS,n,2,302.48,3.77,D,0,VIIRS_NOAA20_SP
31.86154,74.09332,334.05,0.39,0.36,2023-10-07,809,N20,VIIRS,n,2,301.56,1.92,D,0,VIIRS_NOAA20_SP
31.86292,74.17181,330.17,0.39,0.36,2023-10-07,809,N20,VIIRS,l,2,302.41,2.48,D,0,VIIRS_NOAA20_SP
31.87169,74.11626,345.09,0.39,0.36,2023-10-07,809,N20,VIIRS,n,2,300.98,4.9,D,0,VIIRS_NOAA20_SP
31.87318,73.78323,335.56,0.38,0.36,2023-10-07,809,N20,VIIRS,n,2,301.38,3.3,D,0,VIIRS_NOAA20_SP
31.87597,74.00709,333.25,0.39,0.36,2023-10-07,809,N20,VIIRS,n,2,302.43,2.76,D,0,VIIRS_NOAA20_SP
31.87769,74.11087,332.1,0.39,0.36,2023-10-07,809,N20,VIIRS,l,2,303.57,4.39,D,0,VIIRS_NOAA20_SP
31.87829,74.11492,340.94,0.39,0.36,2023-10-07,809,N20,VIIRS,n,2,303.57,4.39,D,0,VIIRS_NOAA20_SP
31.88099,74.11021,335.9,0.39,0.36,2023-10-07,809,N20,VIIRS,n,2,302.5,4.13,D,0,VIIRS_NOAA20_SP
31.89141,74.15815,334.83,0.39,0.36,2023-10-07,809,N20,VIIRS,n,2,301.09,2.58,D,0,VIIRS_NOAA20_SP
31.89438,74.17842,338.86,0.39,0.36,2023-10-07,809,N20,VIIRS,n,2,302.47,4.48,D,0,VIIRS_NOAA20_SP
31.89559,74.70282,332.97,0.39,0.36,2023-10-07,809,N20,VIIRS,n,2,301.63,1.65,D,0,VIIRS_NOAA20_SP
31.90433,74.13051,334.86,0.39,0.36,2023-10-07,809,N20,VIIRS,n,2,303.6,1.78,D,0,VIIRS_NOAA20_SP
31.9044,74.03879,331.5,0.39,0.36,2023-10-07,809,N20,VIIRS,n,2,301.52,1.48,D,0,VIIRS_NOAA20_SP
31.90914,73.84235,330.28,0.38,0.36,2023-10-07,809,N20,VIIRS,l,2,302.18,1.93,D,0,VIIRS_NOAA20_SP
31.91456,73.87867,332.38,0.38,0.36,2023-10-07,809,N20,VIIRS,n,2,300.19,3.02,D,0,VIIRS_NOAA20_SP
31.91712,73.66695,330.74,0.38,0.36,2023-10-07,809,N20,VIIRS,n,2,300.07,3.03,D,0,VIIRS_NOAA20_SP
31.91873,73.86118,335.75,0.38,0.36,2023-10-07,809,N20,VIIRS,n,2,301.01,3.77,D,0,VIIRS_NOAA20_SP
31.92142,73.85646,345.81,0.38,0.36,2023-10-07,809,N20,VIIRS,n,2,302.7,8.29,D,0,VIIRS_NOAA20_SP
31.92202,73.8605,337.57,0.38,0.36,2023-10-07,809,N20,VIIRS,n,2,301.75,3.77,D,0,VIIRS_NOAA20_SP
31.92564,73.93039,346.2,0.39,0.36,2023-10-07,809,N20,VIIRS,n,2,306.01,10.9,D,0,VIIRS_NOAA20_SP
31.92774,73.76033,330.93,0.38,0.36,2023-10-07,809,N20,VIIRS,n,2,301.19,1.43,D,0,VIIRS_NOAA20_SP
31.93255,74.89106,334.28,0.39,0.37,2023-10-07,809,N20,VIIRS,n,2,299.96,3.38,D,0,VIIRS_NOAA20_SP
31.93995,73.72871,335.5,0.38,0.36,2023-10-07,809,N20,VIIRS,n,2,300.36,4.33,D,0,VIIRS_NOAA20_SP
31.94336,73.8195,331.54,0.38,0.36,2023-10-07,809,N20,VIIRS,n,2,301.46,2.11,D,0,VIIRS_NOAA20_SP
31.95139,74.80652,337.77,0.39,0.36,2023-10-07,809,N20,VIIRS,n,2,302.83,2.75,D,0,VIIRS_NOAA20_SP
31.95234,73.83428,341.42,0.38,0.36,2023-10-07,809,N20,VIIRS,n,2,302.94,4.81,D,0,VIIRS_NOAA20_SP
31.96428,72.39622,338.54,0.39,0.36,2023-10-07,809,N20,VIIRS,n,2,305.29,7.58,D,0,VIIRS_NOAA20_SP
31.96807,73.73539,332.43,0.38,0.36,2023-10-07,809,N20,VIIRS,n,2,301.32,3.29,D,0,VIIRS_NOAA20_SP
31.9721,74.33859,332.04,0.39,0.36,2023-10-07,809,N20,VIIRS,n,2,299.02,3.24,D,0,VIIRS_NOAA20_SP
31.9738,74.11732,330.23,0.39,0.36,2023-10-07,809,N20,VIIRS,n,2,300.96,1.8,D,0,VIIRS_NOAA20_SP
31.97617,73.609,332.04,0.38,0.36,2023-10-07,809,N20,VIIRS,n,2,301.54,2.4,D,0,VIIRS_NOAA20_SP
31.98592,74.34003,345.97,0.39,0.36,2023-10-07,809,N20,VIIRS,n,2,302.08,5.34,D,0,VIIRS_NOAA20_SP
31.98708,73.97699,331.41,0.39,0.36,2023-10-07,809,N20,VIIRS,n,2,302.87,1.66,D,0,VIIRS_NOAA20_SP
31.99332,73.65533,330.56,0.38,0.36,2023-10-07,809,N20,VIIRS,l,2,302.1,1.68,D,0,VIIRS_NOAA20_SP
31.99786,74.00398,350.83,0.39,0.36,2023-10-07,809,N20,VIIRS,n,2,305.89,8.27,D,0,VIIRS_NOAA20_SP
32.00355,74.3911,332.38,0.39,0.36,2023-10-07,809,N20,VIIRS,n,2,302.74,2.12,D,0,VIIRS_NOAA20_SP
32.01223,74.0094,336.93,0.39,0.36,2023-10-07,809,N20,VIIRS,n,2,304.42,2.48,D,0,VIIRS_NOAA20_SP
32.0167,74.06274,332.49,0.39,0.36,2023-10-07,809,N20,VIIRS,n,2,302.0,1.76,D,0,VIIRS_NOAA20_SP
32.02866,74.09789,332.55,0.39,0.36,2023-10-07,809,N20,VIIRS,n,2,301.76,3.23,D,0,VIIRS_NOAA20_SP
32.03891,73.59641,344.89,0.38,0.36,2023-10-07,809,N20,VIIRS,n,2,313.74,39.22,D,0,VIIRS_NOAA20_SP
32.04219,73.59573,347.13,0.38,0.36,2023-10-07,809,N20,VIIRS,n,2,300.75,9.84,D,0,VIIRS_NOAA20_SP
32.04505,74.18658,344.41,0.39,0.36,2023-10-07,809,N20,VIIRS,n,2,304.17,4.66,D,0,VIIRS_NOAA20_SP
32.05757,73.87979,341.72,0.38,0.36,2023-10-07,809,N20,VIIRS,n,2,304.0,6.58,D,0,VIIRS_NOAA20_SP
32.09736,73.89657,333.97,0.39,0.36,2023-10-07,809,N20,VIIRS,n,2,302.41,2.58,D,0,VIIRS_NOAA20_SP
32.09919,72.68704,330.75,0.39,0.36,2023-10-07,809,N20,VIIRS,l,2,304.97,1.16,D,0,VIIRS_NOAA20_SP
32.10573,73.86159,333.01,0.38,0.36,2023-10-07,809,N20,VIIRS,n,2,301.35,1.59,D,0,VIIRS_NOAA20_SP
32.10578,75.207,337.05,0.4,0.37,2023-10-07,809,N20,VIIRS,l,2,308.6,3.41,D,0,VIIRS_NOAA20_SP
32.10623,69.69859,338.74,0.46,0.39,2023-10-07,809,N20,VIIRS,l,2,313.56,2.93,D,0,VIIRS_NOAA20_SP
32.11226,75.04253,332.38,0.4,0.37,2023-10-07,809,N20,VIIRS,n,2,299.87,2.95,D,0,VIIRS_NOAA20_SP
32.13954,73.88376,341.94,0.39,0.36,2023-10-07,809,N20,VIIRS,n,2,301.74,3.56,D,0,VIIRS_NOAA20_SP
32.14913,73.74097,339.06,0.38,0.36,2023-10-07,809,N20,VIIRS,n,2,302.44,3.42,D,0,VIIRS_NOAA20_SP
32.15337,73.61095,333.54,0.38,0.36,2023-10-07,809,N20,VIIRS,n,2,301.2,3.87,D,0,VIIRS_NOAA20_SP
32.15962,72.53056,337.52,0.39,0.36,2023-10-07,809,N20,VIIRS,n,2,305.01,2.9,D,0,VIIRS_NOAA20_SP
32.1609,73.88861,332.92,0.39,0.36,2023-10-07,809,N20,VIIRS,l,2,303.22,1.71,D,0,VIIRS_NOAA20_SP
32.16382,73.77131,333.34,0.38,0.36,2023-10-07,809,N20,VIIRS,n,2,302.5,4.33,D,0,VIIRS_NOAA20_SP
32.16507,73.82526,345.37,0.38,0.36,2023-10-07,809,N20,VIIRS,n,2,302.11,6.74,D,0,VIIRS_NOAA20_SP
32.16601,73.64999,336.3,0.38,0.36,2023-10-07,809,N20,VIIRS,n,2,304.59,17.53,D,0,VIIRS_NOAA20_SP
32.16687,74.30106,330.28,0.39,0.36,2023-10-07,809,N20,VIIRS,n,2,301.1,2.37,D,0,VIIRS_NOAA20_SP
32.1693,73.6493,337.5,0.38,0.36,2023-10-07,809,N20,VIIRS,n,2,304.98,17.53,D,0,VIIRS_NOAA20_SP
32.17198,73.64458,333.79,0.38,0.36,2023-10-07,809,N20,VIIRS,n,2,299.84,3.57,D,0,VIIRS_NOAA20_SP
32.1955,73.75642,342.97,0.38,0.36,2023-10-07,809,N20,VIIRS,n,2,302.07,4.22,D,0,VIIRS_NOAA20_SP
32.19556,73.8023,343.42,0.38,0.36,2023-10-07,809,N20,VIIRS,n,2,302.08,20.28,D,0,VIIRS_NOAA20_SP
32.19862,73.96027,331.56,0.39,0.36,2023-10-07,809,N20,VIIRS,l,2,302.31,1.58,D,0,VIIRS_NOAA20_SP
32.19879,73.75575,339.4,0.38,0.36,2023-10-07,809,N20,VIIRS,n,2,299.35,4.22,D,0,VIIRS_NOAA20_SP
32.19885,73.80162,346.22,0.38,0.36,2023-10-07,809,N20,VIIRS,n,2,309.02,20.28,D,0,VIIRS_NOAA20_SP
32.20687,74.27203,331.26,0.39,0.36,2023-10-07,809,N20,VIIRS,n,2,302.27,2.06,D,0,VIIRS_NOAA20_SP
32.212,72.38875,333.61,0.39,0.36,2023-10-07,809,N20,VIIRS,n,2,301.62,1.97,D,0,VIIRS_NOAA20_SP
32.21552,74.47272,332.74,0.39,0.36,2023-10-07,809,N20,VIIRS,n,2,300.61,2.27,D,0,VIIRS_NOAA20_SP
32.21624,74.05708,334.65,0.39,0.36,2023-10-07,809,N20,VIIRS,n,2,301.04,3.09,D,0,VIIRS_NOAA20_SP
32.22363,73.76315,342.33,0.38,0.36,2023-10-07,809,N20,VIIRS,n,2,301.47,4.99,D,0,VIIRS_NOAA20_SP
32.22596,73.64143,333.87,0.38,0.36,2023-10-07,809,N20,VIIRS,n,2,301.51,2.17,D,0,VIIRS_NOAA20_SP
32.22819,73.81646,344.59,0.38,0.36,2023-10-07,809,N20,VIIRS,n,2,301.15,5.01,D,0,VIIRS_NOAA20_SP
32.23215,73.9576,346.09,0.39,0.36,2023-10-07,809,N20,VIIRS,n,2,307.26,9.31,D,0,VIIRS_NOAA20_SP
32.24891,73.93328,341.18,0.39,0.36,2023-10-07,809,N20,VIIRS,n,2,301.77,3.28,D,0,VIIRS_NOAA20_SP
32.24974,73.82455,333.26,0.38,0.36,2023-10-07,809,N20,VIIRS,n,2,301.59,1.85,D,0,VIIRS_NOAA20_SP
32.25217,73.88663,330.67,0.39,0.36,2023-10-07,809,N20,VIIRS,n,2,302.83,1.75,D,0,VIIRS_NOAA20_SP
32.26809,73.87895,331.07,0.39,0.36,2023-10-07,809,N20,VIIRS,n,2,300.06,1.69,D,0,VIIRS_NOAA20_SP
32.27531,74.84409,330.54,0.4,0.37,2023-10-07,809,N20,VIIRS,n,2,300.65,1.39,D,0,VIIRS_NOAA20_SP
32.27536,73.67709,331.35,0.38,0.36,2023-10-07,809,N20,VIIRS,l,2,301.8,2.9,D,0,VIIRS_NOAA20_SP
32.29824,74.24624,332.0,0.39,0.36,2023-10-07,809,N20,VIIRS,n,2,301.65,1.58,D,0,VIIRS_NOAA20_SP
32.30154,74.24557,330.34,0.39,0.36,2023-10-07,809,N20,VIIRS,n,2,301.08,1.71,D,0,VIIRS_NOAA20_SP
32.30303,73.77155,340.0,0.38,0.36,2023-10-07,809,N20,VIIRS,n,2,300.36,2.89,D,0,VIIRS_NOAA20_SP
32.30664,74.61268,334.16,0.39,0.36,2023-10-07,809,N20,VIIRS,n,2,301.92,4.93,D,0,VIIRS_NOAA20_SP
32.33366,73.93244,332.69,0.39,0.36,2023-10-07,809,N20,VIIRS,n,2,299.88,1.44,D,0,VIIRS_NOAA20_SP
32.35696,73.74454,334.85,0.38,0.36,2023-10-07,809,N20,VIIRS,n,2,301.9,2.21,D,0,VIIRS_NOAA20_SP
32.3576,73.91081,340.18,0.39,0.36,2023-10-07,809,N20,VIIRS,n,2,300.42,4.51,D,0,VIIRS_NOAA20_SP
32.36327,74.11095,335.48,0.39,0.36,2023-10-07,809,N20,VIIRS,n,2,300.6,2.74,D,0,VIIRS_NOAA20_SP
32.37088,74.25672,336.43,0.39,0.36,2023-10-07,809,N20,VIIRS,n,2,300.72,2.56,D,0,VIIRS_NOAA20_SP
32.37604,73.46489,332.21,0.38,0.36,2023-10-07,809,N20,VIIRS,n,2,298.85,1.32,D,0,VIIRS_NOAA20_SP
32.37827,74.52187,330.01,0.39,0.36,2023-10-07,809,N20,VIIRS,n,2,303.96,1.99,D,0,VIIRS_NOAA20_SP
32.39167,73.59108,341.3,0.38,0.36,2023-10-07,809,N20,VIIRS,n,2,299.72,3.14,D,0,VIIRS_NOAA20_SP
32.4076,73.62953,331.05,0.38,0.36,2023-10-07,809,N20,VIIRS,n,2,298.8,1.68,D,0,VIIRS_NOAA20_SP
32.40821,73.63358,330.17,0.38,0.36,2023-10-07,809,N20,VIIRS,n,2,299.58,1.68,D,0,VIIRS_NOAA20_SP
32.43184,74.0685,344.85,0.39,0.36,2023-10-07,809,N20,VIIRS,n,2,301.64,7.51,D,0,VIIRS_NOAA20_SP
32.43516,73.54067,334.8,0.38,0.36,2023-10-07,809,N20,VIIRS,n,2,301.72,4.97,D,0,VIIRS_NOAA20_SP
32.44322,70.27339,337.57,0.44,0.38,2023-10-07,809,N20,VIIRS,n,2,304.76,3.18,D,0,VIIRS_NOAA20_SP
32.44793,71.10668,338.05,0.41,0.37,2023-10-07,809,N20,VIIRS,n,2,307.94,6.85,D,0,VIIRS_NOAA20_SP
32.44865,74.25468,334.18,0.39,0.36,2023-10-07,809,N20,VIIRS,n,2,299.42,2.14,D,0,VIIRS_NOAA20_SP
32.4513,71.10581,341.65,0.41,0.37,2023-10-07,809,N20,VIIRS,n,2,308.25,6.85,D,0,VIIRS_NOAA20_SP
32.4699,73.88861,337.57,0.39,0.36,2023-10-07,809,N20,VIIRS,n,2,301.94,3.7,D,0,VIIRS_NOAA20_SP
32.54456,73.66003,335.35,0.38,0.36,2023-10-07,809,N20,VIIRS,n,2,300.18,4.3,D,0,VIIRS_NOAA20_SP
32.59208,70.93816,336.77,0.42,0.37,2023-10-07,809,N20,VIIRS,l,2,308.55,2.17,D,0,VIIRS_NOAA20_SP
32.92319,70.22396,332.27,0.43,0.38,2023-10-07,809,N20,VIIRS,l,2,302.71,2.59,D,0,VIIRS_NOAA20_SP
33.95788,73.56625,338.79,0.39,0.36,2023-10-07,809,N20,VIIRS,n,2,304.08,3.94,D,0,VIIRS_NOAA20_SP
34.12584,71.61324,331.85,0.39,0.36,2023-10-07,810,N20,VIIRS,n,2,300.72,2.41,D,0,VIIRS_NOAA20_SP
34.47173,72.92982,333.14,0.38,0.36,2023-10-07,810,N20,VIIRS,n,2,303.97,3.36,D,0,VIIRS_NOAA20_SP
34.52592,72.02296,345.51,0.39,0.36,2023-10-07,810,N20,VIIRS,n,2,303.06,4.1,D,0,VIIRS_NOAA20_SP
29.08595,88.00864,300.24,0.75,0.77,2023-10-07,1852,N20,VIIRS,n,2,278.71,2.67,N,0,VIIRS_NOAA20_SP
29.08808,88.00867,301.41,0.75,0.77,2023-10-07,1852,N20,VIIRS,n,2,278.63,2.41,N,0,VIIRS_NOAA20_SP
29.22457,88.34541,296.14,0.71,0.75,2023-10-07,1852,N20,VIIRS,n,2,280.31,1.98,N,2,VIIRS_NOAA20_SP
29.26315,91.92276,303.08,0.43,0.62,2023-10-07,1852,N20,VIIRS,n,2,281.08,1.72,N,2,VIIRS_NOAA20_SP
29.38034,91.14951,304.01,0.48,0.65,2023-10-07,1852,N20,VIIRS,n,2,279.98,1.56,N,2,VIIRS_NOAA20_SP
23.17884,93.98225,303.96,0.54,0.51,2023-10-07,1853,N20,VIIRS,n,2,286.77,2.11,N,0,VIIRS_NOAA20_SP
23.61501,86.78638,304.5,0.79,0.78,2023-10-07,1853,N20,VIIRS,n,2,288.89,1.13,N,2,VIIRS_NOAA20_SP
23.66754,86.91586,303.19,0.77,0.78,2023-10-07,1853,N20,VIIRS,n,2,289.37,1.13,N,2,VIIRS_NOAA20_SP
23.69136,87.11629,303.14,0.75,0.77,2023-10-07,1853,N20,VIIRS,n,2,289.48,1.87,N,2,VIIRS_NOAA20_SP
23.69274,87.09405,305.12,0.75,0.77,2023-10-07,1853,N20,VIIRS,n,2,289.29,1.01,N,2,VIIRS_NOAA20_SP
23.69846,87.11695,309.07,0.75,0.77,2023-10-07,1853,N20,VIIRS,n,2,289.36,1.87,N,0,VIIRS_NOAA20_SP
22.36648,87.01376,295.64,0.74,0.76,2023-10-07,1854,N20,VIIRS,n,2,264.17,1.52,N,2,VIIRS_NOAA20_SP
22.47498,91.73233,306.88,0.37,0.58,2023-10-07,1854,N20,VIIRS,n,2,280.21,0.76,N,2,VIIRS_NOAA20_SP
34.53106,72.01909,305.7,0.46,0.47,2023-10-07,2031,N20,VIIRS,n,2,284.2,0.85,N,0,VIIRS_NOAA20_SP
34.53199,72.02041,303.9,0.46,0.47,2023-10-07,2031,N20,VIIRS,n,2,284.85,0.99,N,0,VIIRS_NOAA20_SP
35.34418,73.7617,308.15,0.57,0.43,2023-10-07,2031,N20,VIIRS,n,2,280.87,1.93,N,0,VIIRS_NOAA20_SP
36.9999,80.19088,299.86,0.38,0.36,2023-10-07,2031,N20,VIIRS,n,2,282.15,1.2,N,2,VIIRS_NOAA20_SP
29.22526,88.3513,308.1,0.37,0.58,2023-10-07,2032,N20,VIIRS,n,2,284.34,1.25,N,2,VIIRS_NOAA20_SP
29.22631,88.34688,302.52,0.37,0.58,2023-10-07,2032,N20,VIIRS,n,2,280.65,1.25,N,2,VIIRS_NOAA20_SP
29.26533,91.92187,298.54,0.6,0.71,2023-10-07,2032,N20,VIIRS,n,2,279.55,2.15,N,2,VIIRS_NOAA20_SP
29.37575,91.14753,305.63,0.54,0.68,2023-10-07,2032,N20,VIIRS,n,2,279.57,1.69,N,2,VIIRS_NOAA20_SP
31.26084,76.9231,301.42,0.4,0.37,2023-10-07,2032,N20,VIIRS,n,2,291.09,0.51,N,2,VIIRS_NOAA20_SP
32.45175,70.27065,321.34,0.55,0.51,2023-10-07,2032,N20,VIIRS,n,2,293.4,3.55,N,0,VIIRS_NOAA20_SP
32.45356,70.27206,322.88,0.55,0.51,2023-10-07,2032,N20,VIIRS,n,2,293.78,4.14,N,0,VIIRS_NOAA20_SP
32.72808,73.13819,306.56,0.38,0.43,2023-10-07,2032,N20,VIIRS,n,2,295.21,0.85,N,2,VIIRS_NOAA20_SP
33.14358,73.15289,322.81,0.39,0.44,2023-10-07,2032,N20,VIIRS,n,2,292.5,1.86,N,0,VIIRS_NOAA20_SP
33.80329,72.09753,302.29,0.45,0.47,2023-10-07,2032,N20,VIIRS,n,2,291.7,0.87,N,2,VIIRS_NOAA20_SP
33.863,75.19726,321.36,0.47,0.4,2023-10-07,2032,N20,VIIRS,n,2,286.17,2.99,N,0,VIIRS_NOAA20_SP
33.86388,75.19384,319.26,0.47,0.4,2023-10-07,2032,N20,VIIRS,n,2,285.65,2.47,N,0,VIIRS_NOAA20_SP
33.90549,71.9157,303.54,0.46,0.47,2023-10-07,2032,N20,VIIRS,n,2,291.65,0.41,N,2,VIIRS_NOAA20_SP
26.7627,83.20054,307.31,0.41,0.45,2023-10-07,2033,N20,VIIRS,n,2,296.27,1.36,N,2,VIIRS_NOAA20_SP
27.66805,76.12879,313.89,0.4,0.37,2023-10-07,2033,N20,VIIRS,n,2,297.28,1.8,N,2,VIIRS_NOAA20_SP
27.93874,69.79569,311.72,0.52,0.5,2023-10-07,2033,N20,VIIRS,n,2,297.12,2.68,N,0,VIIRS_NOAA20_SP
27.93926,69.79038,313.67,0.52,0.5,2023-10-07,2033,N20,VIIRS,n,2,297.08,2.92,N,0,VIIRS_NOAA20_SP
28.05328,69.36641,320.19,0.55,0.51,2023-10-07,2033,N20,VIIRS,n,2,297.64,2.57,N,2,VIIRS_NOAA20_SP
28.05648,69.36659,322.91,0.55,0.51,2023-10-07,2033,N20,VIIRS,n,2,297.69,3.12,N,2,VIIRS_NOAA20_SP
28.10077,80.18694,309.26,0.43,0.38,2023-10-07,2033,N20,VIIRS,n,2,295.58,1.07,N,0,VIIRS_NOAA20_SP
28.31545,80.16927,306.92,0.42,0.38,2023-10-07,2033,N20,VIIRS,n,2,294.83,0.61,N,0,VIIRS_NOAA20_SP
28.74434,76.92707,307.16,0.39,0.36,2023-10-07,2033,N20,VIIRS,n,2,295.53,0.82,N,0,VIIRS_NOAA20_SP
28.77502,76.94819,306.72,0.39,0.36,2023-10-07,2033,N20,VIIRS,n,2,294.85,0.47,N,0,VIIRS_NOAA20_SP
28.79738,77.07002,308.4,0.39,0.36,2023-10-07,2033,N20,VIIRS,n,2,296.94,1.23,N,0,VIIRS_NOAA20_SP
28.88373,77.10649,324.87,0.39,0.36,2023-10-07,2033,N20,VIIRS,n,2,295.96,2.36,N,0,VIIRS_NOAA20_SP
29.12358,75.77788,311.8,0.41,0.37,2023-10-07,2033,N20,VIIRS,n,2,296.03,0.88,N,2,VIIRS_NOAA20_SP
29.91011,74.949,308.74,0.44,0.39,2023-10-07,2033,N20,VIIRS,n,2,296.27,1.1,N,2,VIIRS_NOAA20_SP
29.98281,76.91319,313.25,0.39,0.36,2023-10-07,2033,N20,VIIRS,n,2,294.51,1.0,N,0,VIIRS_NOAA20_SP
30.19084,69.22227,317.4,0.6,0.53,2023-10-07,2033,N20,VIIRS,n,2,291.93,7.43,N,0,VIIRS_NOAA20_SP
30.1935,69.22404,342.41,0.6,0.53,2023-10-07,2033,N20,VIIRS,n,2,295.78,11.21,N,0,VIIRS_NOAA20_SP
30.19404,69.21759,310.2,0.6,0.53,2023-10-07,2033,N20,VIIRS,n,2,289.1,5.22,N,0,VIIRS_NOAA20_SP
30.19565,69.22356,342.28,0.6,0.53,2023-10-07,2033,N20,VIIRS,n,2,293.59,7.43,N,0,VIIRS_NOAA20_SP
30.19838,69.22467,325.87,0.6,0.53,2023-10-07,2033,N20,VIIRS,n,2,290.07,2.41,N,0,VIIRS_NOAA20_SP
30.19897,69.2176,309.5,0.6,0.53,2023-10-07,2033,N20,VIIRS,n,2,288.79,1.89,N,0,VIIRS_NOAA20_SP
30.2006,69.22334,337.67,0.6,0.53,2023-10-07,2033,N20,VIIRS,n,2,290.59,3.72,N,0,VIIRS_NOAA20_SP
30.20334,69.22421,310.2,0.6,0.53,2023-10-07,2033,N20,VIIRS,n,2,289.38,2.41,N,0,VIIRS_NOAA20_SP
30.20395,69.217,303.5,0.6,0.53,2023-10-07,2033,N20,VIIRS,n,2,289.79,1.89,N,0,VIIRS_NOAA20_SP
30.20495,69.22984,300.53,0.6,0.53,2023-10-07,2033,N20,VIIRS,n,2,288.99,0.61,N,0,VIIRS_NOAA20_SP
30.20559,69.22282,300.13,0.6,0.53,2023-10-07,2033,N20,VIIRS,n,2,288.79,3.72,N,0,VIIRS_NOAA20_SP
30.20619,69.24889,305.78,0.6,0.53,2023-10-07,2033,N20,VIIRS,n,2,290.96,1.63,N,0,VIIRS_NOAA20_SP
30.20776,69.23031,304.25,0.6,0.53,2023-10-07,2033,N20,VIIRS,n,2,289.74,1.14,N,0,VIIRS_NOAA20_SP
30.20825,69.24766,305.41,0.6,0.53,2023-10-07,2033,N20,VIIRS,n,2,291.76,1.04,N,0,VIIRS_NOAA20_SP
30.21167,69.24226,307.11,0.6,0.53,2023-10-07,2033,N20,VIIRS,n,2,291.79,1.32,N,0,VIIRS_NOAA20_SP
30.2138,69.24093,302.89,0.6,0.53,2023-10-07,2033,N20,VIIRS,n,2,291.5,1.04,N,0,VIIRS_NOAA20_SP
30.25296,68.45175,313.35,0.33,0.56,2023-10-07,2033,N20,VIIRS,n,2,290.6,1.5,N,0,VIIRS_NOAA20_SP
21.76376,84.02148,307.7,0.57,0.52,2023-10-07,2034,N20,VIIRS,n,2,289.64,4.44,N,2,VIIRS_NOAA20_SP
21.76565,84.01795,314.77,0.57,0.52,2023-10-07,2034,N20,VIIRS,n,2,290.66,3.25,N,2,VIIRS_NOAA20_SP
21.76955,84.01723,310.85,0.57,0.52,2023-10-07,2034,N20,VIIRS,n,2,291.09,4.02,N,2,VIIRS_NOAA20_SP
21.77033,84.01906,308.72,0.57,0.52,2023-10-07,2034,N20,VIIRS,n,2,290.09,3.25,N,2,VIIRS_NOAA20_SP
21.80146,85.56554,302.66,0.36,0.57,2023-10-07,2034,N20,VIIRS,n,2,290.14,0.5,N,0,VIIRS_NOAA20_SP
21.87584,83.49415,306.9,0.53,0.5,2023-10-07,2034,N20,VIIRS,n,2,290.22,1.36,N,2,VIIRS_NOAA20_SP
21.87749,83.55546,308.11,0.53,0.5,2023-10-07,2034,N20,VIIRS,n,2,290.87,1.1,N,2,VIIRS_NOAA20_SP
21.87799,83.55231,306.11,0.53,0.5,2023-10-07,2034,N20,VIIRS,n,2,290.83,1.42,N,2,VIIRS_NOAA20_SP
21.91818,83.35178,305.21,0.52,0.5,2023-10-07,2034,N20,VIIRS,n,2,293.07,1.87,N,2,VIIRS_NOAA20_SP
21.92008,83.34925,319.4,0.52,0.5,2023-10-07,2034,N20,VIIRS,n,2,295.54,2.82,N,2,VIIRS_NOAA20_SP
21.92266,83.35281,314.14,0.52,0.5,2023-10-07,2034,N20,VIIRS,n,2,294.87,1.87,N,2,VIIRS_NOAA20_SP
21.92364,83.34792,312.05,0.52,0.5,2023-10-07,2034,N20,VIIRS,n,2,294.09,1.87,N,2,VIIRS_NOAA20_SP
21.92456,83.35028,311.49,0.52,0.5,2023-10-07,2034,N20,VIIRS,n,2,293.69,2.65,N,2,VIIRS_NOAA20_SP
21.92756,83.3357,306.32,0.51,0.5,2023-10-07,2034,N20,VIIRS,n,2,292.78,5.38,N,2,VIIRS_NOAA20_SP
21.9297,85.22152,298.44,0.34,0.56,2023-10-07,2034,N20,VIIRS,n,2,265.45,0.78,N,2,VIIRS_NOAA20_SP
21.98594,83.23297,311.58,0.51,0.49,2023-10-07,2034,N20,VIIRS,n,2,294.49,2.14,N,2,VIIRS_NOAA20_SP
22.00393,82.66656,316.19,0.47,0.47,2023-10-07,2034,N20,VIIRS,n,2,295.72,3.04,N,2,VIIRS_NOAA20_SP
22.00736,82.67189,308.23,0.47,0.47,2023-10-07,2034,N20,VIIRS,n,2,295.22,1.27,N,2,VIIRS_NOAA20_SP
22.02216,83.37798,309.84,0.52,0.5,2023-10-07,2034,N20,VIIRS,n,2,293.0,1.74,N,2,VIIRS_NOAA20_SP
22.02321,83.38106,305.95,0.52,0.5,2023-10-07,2034,N20,VIIRS,n,2,293.09,1.76,N,2,VIIRS_NOAA20_SP
22.03275,83.3576,304.95,0.51,0.5,2023-10-07,2034,N20,VIIRS,n,2,292.37,2.17,N,2,VIIRS_NOAA20_SP
22.03824,83.35369,306.64,0.51,0.5,2023-10-07,2034,N20,VIIRS,n,2,292.96,2.08,N,2,VIIRS_NOAA20_SP
22.04963,88.10527,303.42,0.51,0.66,2023-10-07,2034,N20,VIIRS,n,2,281.6,1.93,N,2,VIIRS_NOAA20_SP
22.05075,88.10045,302.64,0.51,0.66,2023-10-07,2034,N20,VIIRS,n,2,281.4,1.52,N,2,VIIRS_NOAA20_SP
22.05218,88.1214,303.0,0.51,0.66,2023-10-07,2034,N20,VIIRS,n,2,281.04,2.0,N,2,VIIRS_NOAA20_SP
22.05326,88.12522,301.61,0.51,0.66,2023-10-07,2034,N20,VIIRS,n,2,282.17,2.22,N,2,VIIRS_NOAA20_SP
22.05442,88.12036,305.05,0.51,0.66,2023-10-07,2034,N20,VIIRS,n,2,282.09,2.14,N,2,VIIRS_NOAA20_SP
22.10473,83.11945,305.95,0.49,0.49,2023-10-07,2034,N20,VIIRS,n,2,295.12,1.82,N,2,VIIRS_NOAA20_SP
22.24588,87.3872,317.52,0.46,0.63,2023-10-07,2034,N20,VIIRS,n,2,287.34,1.82,N,2,VIIRS_NOAA20_SP
22.24702,87.38673,311.74,0.46,0.63,2023-10-07,2034,N20,VIIRS,n,2,287.37,1.7,N,2,VIIRS_NOAA20_SP
22.31489,82.53059,308.0,0.45,0.47,2023-10-07,2034,N20,VIIRS,n,2,295.85,1.4,N,2,VIIRS_NOAA20_SP
22.33063,82.65185,317.58,0.46,0.47,2023-10-07,2034,N20,VIIRS,n,2,296.22,2.19,N,2,VIIRS_NOAA20_SP
22.36263,87.01655,303.58,0.43,0.62,2023-10-07,2034,N20,VIIRS,n,2,280.09,1.08,N,2,VIIRS_NOAA20_SP
22.36321,87.29968,308.26,0.45,0.63,2023-10-07,2034,N20,VIIRS,n,2,288.76,1.8,N,2,VIIRS_NOAA20_SP
22.36454,87.30074,307.46,0.45,0.63,2023-10-07,2034,N20,VIIRS,n,2,288.76,1.59,N,2,VIIRS_NOAA20_SP
22.36819,87.01795,306.34,0.43,0.62,2023-10-07,2034,N20,VIIRS,n,2,279.98,1.08,N,2,VIIRS_NOAA20_SP
22.36884,87.3012,309.53,0.45,0.63,2023-10-07,2034,N20,VIIRS,n,2,288.52,1.03,N,2,VIIRS_NOAA20_SP
22.36981,87.29695,304.18,0.45,0.63,2023-10-07,2034,N20,VIIRS,n,2,288.37,1.03,N,2,VIIRS_NOAA20_SP
22.37118,87.29798,307.87,0.45,0.63,2023-10-07,2034,N20,VIIRS,n,2,288.4,1.44,N,2,VIIRS_NOAA20_SP
22.37612,87.27683,308.05,0.45,0.63,2023-10-07,2034,N20,VIIRS,n,2,289.59,2.62,N,2,VIIRS_NOAA20_SP
22.37929,87.28148,310.21,0.45,0.63,2023-10-07,2034,N20,VIIRS,n,2,289.77,1.94,N,2,VIIRS_NOAA20_SP
22.59172,85.90482,311.1,0.36,0.58,2023-10-07,2034,N20,VIIRS,n,2,288.45,1.68,N,2,VIIRS_NOAA20_SP
22.78781,86.20582,308.03,0.38,0.58,2023-10-07,2034,N20,VIIRS,n,2,286.01,1.29,N,2,VIIRS_NOAA20_SP
22.7886,86.20229,312.65,0.38,0.58,2023-10-07,2034,N20,VIIRS,n,2,287.45,1.29,N,2,VIIRS_NOAA20_SP
22.78938,86.19878,309.11,0.38,0.58,2023-10-07,2034,N20,VIIRS,n,2,287.93,1.14,N,2,VIIRS_NOAA20_SP
22.79016,86.19527,309.63,0.37,0.58,2023-10-07,2034,N20,VIIRS,n,2,286.24,1.14,N,2,VIIRS_NOAA20_SP
22.79726,86.08897,303.73,0.37,0.58,2023-10-07,2034,N20,VIIRS,n,2,284.88,0.49,N,2,VIIRS_NOAA20_SP
22.80247,86.09032,307.44,0.37,0.58,2023-10-07,2034,N20,VIIRS,n,2,284.75,1.71,N,2,VIIRS_NOAA20_SP
22.85925,86.05706,306.63,0.37,0.58,2023-10-07,2034,N20,VIIRS,n,2,287.6,0.98,N,2,VIIRS_NOAA20_SP
22.87452,86.061,312.88,0.37,0.58,2023-10-07,2034,N20,VIIRS,n,2,286.37,1.18,N,2,VIIRS_NOAA20_SP
22.87481,86.06112,311.23,0.37,0.58,2023-10-07,2034,N20,VIIRS,n,2,286.25,1.15,N,2,VIIRS_NOAA20_SP
23.16756,82.33887,303.96,0.42,0.46,2023-10-07,2034,N20,VIIRS,n,2,293.73,1.73,N,2,VIIRS_NOAA20_SP
23.28428,87.86742,303.57,0.47,0.64,2023-10-07,2034,N20,VIIRS,n,2,287.93,0.77,N,0,VIIRS_NOAA20_SP
23.55058,87.243,304.65,0.42,0.61,2023-10-07,2034,N20,VIIRS,n,2,291.51,2.35,N,3,VIIRS_NOAA20_SP
23.5579,87.2365,309.95,0.42,0.61,2023-10-07,2034,N20,VIIRS,n,2,291.2,1.26,N,2,VIIRS_NOAA20_SP
23.5642,87.08284,308.69,0.41,0.61,2023-10-07,2034,N20,VIIRS,n,2,291.16,1.63,N,2,VIIRS_NOAA20_SP
23.60592,87.15244,304.74,0.41,0.61,2023-10-07,2034,N20,VIIRS,n,2,291.68,0.86,N,2,VIIRS_NOAA20_SP
23.60604,87.15256,305.6,0.41,0.61,2023-10-07,2034,N20,VIIRS,n,2,291.38,0.92,N,2,VIIRS_NOAA20_SP
23.61497,86.78697,309.13,0.39,0.59,2023-10-07,2034,N20,VIIRS,n,2,291.1,1.67,N,2,VIIRS_NOAA20_SP
23.62954,86.2889,306.04,0.36,0.58,2023-10-07,2034,N20,VIIRS,n,2,287.36,0.93,N,2,VIIRS_NOAA20_SP
23.65661,85.50722,303.33,0.33,0.55,2023-10-07,2034,N20,VIIRS,n,2,288.74,0.91,N,2,VIIRS_NOAA20_SP
23.65674,85.50664,306.29,0.33,0.55,2023-10-07,2034,N20,VIIRS,n,2,288.72,1.34,N,2,VIIRS_NOAA20_SP
23.66402,86.92107,304.95,0.4,0.6,2023-10-07,2034,N20,VIIRS,n,2,290.7,0.49,N,2,VIIRS_NOAA20_SP
23.66544,86.92162,304.41,0.4,0.6,2023-10-07,2034,N20,VIIRS,n,2,290.72,0.75,N,2,VIIRS_NOAA20_SP
23.67496,86.08603,301.65,0.35,0.57,2023-10-07,2034,N20,VIIRS,n,2,285.55,1.51,N,2,VIIRS_NOAA20_SP
23.67744,86.39468,304.52,0.37,0.58,2023-10-07,2034,N20,VIIRS,n,2,289.13,1.74,N,2,VIIRS_NOAA20_SP
23.68237,86.39392,310.14,0.37,0.58,2023-10-07,2034,N20,VIIRS,n,2,288.76,1.73,N,2,VIIRS_NOAA20_SP
23.68315,86.39051,316.08,0.37,0.58,2023-10-07,2034,N20,VIIRS,n,2,288.34,1.73,N,2,VIIRS_NOAA20_SP
23.68343,86.3925,320.71,0.37,0.58,2023-10-07,2034,N20,VIIRS,n,2,289.12,1.74,N,2,VIIRS_NOAA20_SP
23.68419,86.38908,309.91,0.37,0.58,2023-10-07,2034,N20,VIIRS,n,2,288.04,1.95,N,2,VIIRS_NOAA20_SP
23.68838,86.39177,307.68,0.37,0.58,2023-10-07,2034,N20,VIIRS,n,2,285.57,1.29,N,2,VIIRS_NOAA20_SP
23.68843,87.12046,305.77,0.41,0.61,2023-10-07,2034,N20,VIIRS,n,2,290.28,1.47,N,2,VIIRS_NOAA20_SP
23.68915,86.38835,304.37,0.37,0.58,2023-10-07,2034,N20,VIIRS,n,2,285.62,1.14,N,2,VIIRS_NOAA20_SP
23.69388,87.12187,316.59,0.41,0.61,2023-10-07,2034,N20,VIIRS,n,2,290.98,1.47,N,2,VIIRS_NOAA20_SP
23.72591,85.52409,301.19,0.33,0.55,2023-10-07,2034,N20,VIIRS,n,2,285.77,0.25,N,2,VIIRS_NOAA20_SP
23.73181,86.7565,311.59,0.39,0.59,2023-10-07,2034,N20,VIIRS,n,2,291.73,1.52,N,2,VIIRS_NOAA20_SP
23.73473,85.02067,302.09,0.6,0.53,2023-10-07,2034,N20,VIIRS,n,2,289.28,1.71,N,2,VIIRS_NOAA20_SP
23.76322,85.85666,302.23,0.34,0.56,2023-10-07,2034,N20,VIIRS,n,2,284.26,0.36,N,0,VIIRS_NOAA20_SP
23.76884,86.40134,307.13,0.37,0.58,2023-10-07,2034,N20,VIIRS,n,2,289.34,2.12,N,2,VIIRS_NOAA20_SP
23.77358,86.20788,311.82,0.36,0.57,2023-10-07,2034,N20,VIIRS,n,2,288.63,1.85,N,2,VIIRS_NOAA20_SP
23.77434,86.20448,307.62,0.36,0.57,2023-10-07,2034,N20,VIIRS,n,2,288.35,1.59,N,2,VIIRS_NOAA20_SP
23.77511,86.20103,303.29,0.36,0.57,2023-10-07,2034,N20,VIIRS,n,2,288.41,1.59,N,2,VIIRS_NOAA20_SP
23.77687,86.3892,301.91,0.37,0.58,2023-10-07,2034,N20,VIIRS,n,2,289.57,1.02,N,2,VIIRS_NOAA20_SP
23.77719,86.3885,307.24,0.37,0.58,2023-10-07,2034,N20,VIIRS,n,2,289.87,2.08,N,2,VIIRS_NOAA20_SP
23.77767,86.38567,304.37,0.37,0.58,2023-10-07,2034,N20,VIIRS,n,2,289.22,1.02,N,2,VIIRS_NOAA20_SP
23.77875,86.20909,312.21,0.36,0.57,2023-10-07,2034,N20,VIIRS,n,2,289.07,1.85,N,2,VIIRS_NOAA20_SP
23.77951,86.20567,325.11,0.36,0.57,2023-10-07,2034,N20,VIIRS,n,2,289.26,1.59,N,2,VIIRS_NOAA20_SP
23.78467,86.2069,322.16,0.36,0.57,2023-10-07,2034,N20,VIIRS,n,2,289.03,1.9,N,2,VIIRS_NOAA20_SP
23.79643,85.56075,302.45,0.33,0.55,2023-10-07,2034,N20,VIIRS,n,2,287.93,1.11,N,0,VIIRS_NOAA20_SP
23.82305,85.46272,303.45,0.32,0.55,2023-10-07,2034,N20,VIIRS,n,2,288.6,0.73,N,0,VIIRS_NOAA20_SP
24.16399,82.55992,309.11,0.42,0.45,2023-10-07,2034,N20,VIIRS,n,2,294.44,1.1,N,2,VIIRS_NOAA20_SP
24.16754,80.69363,306.3,0.5,0.41,2023-10-07,2034,N20,VIIRS,n,2,294.19,1.27,N,2,VIIRS_NOAA20_SP
24.16882,82.55713,305.46,0.42,0.45,2023-10-07,2034,N20,VIIRS,n,2,294.3,0.62,N,2,VIIRS_NOAA20_SP
24.20539,82.52362,308.64,0.42,0.45,2023-10-07,2034,N20,VIIRS,n,2,294.46,0.69,N,2,VIIRS_NOAA20_SP
24.2077,82.70767,307.75,0.43,0.46,2023-10-07,2034,N20,VIIRS,n,2,294.51,1.26,N,2,VIIRS_NOAA20_SP
24.498,77.15131,324.61,0.39,0.36,2023-10-07,2034,N20,VIIRS,n,2,300.1,2.37,N,0,VIIRS_NOAA20_SP
24.49861,77.14755,308.36,0.39,0.36,2023-10-07,2034,N20,VIIRS,n,2,295.1,1.61,N,0,VIIRS_NOAA20_SP
24.64433,74.6828,308.19,0.41,0.37,2023-10-07,2034,N20,VIIRS,n,2,296.35,1.43,N,0,VIIRS_NOAA20_SP
24.66199,74.6321,312.82,0.41,0.37,2023-10-07,2034,N20,VIIRS,n,2,298.56,1.84,N,2,VIIRS_NOAA20_SP
24.71576,75.95209,309.35,0.39,0.36,2023-10-07,2034,N20,VIIRS,n,2,297.05,1.11,N,2,VIIRS_NOAA20_SP
24.76356,74.60607,317.59,0.41,0.37,2023-10-07,2034,N20,VIIRS,n,2,296.98,2.88,N,2,VIIRS_NOAA20_SP
24.9344,74.63442,309.37,0.41,0.37,2023-10-07,2034,N20,VIIRS,n,2,296.62,1.14,N,2,VIIRS_NOAA20_SP
25.40255,68.56375,307.1,0.58,0.52,2023-10-07,2034,N20,VIIRS,n,2,295.53,0.9,N,2,VIIRS_NOAA20_SP
25.79634,68.69806,306.62,0.57,0.52,2023-10-07,2034,N20,VIIRS,n,2,295.86,0.73,N,2,VIIRS_NOAA20_SP
25.83764,68.47235,311.29,0.59,0.53,2023-10-07,2034,N20,VIIRS,n,2,296.17,1.86,N,0,VIIRS_NOAA20_SP
26.27236,74.18845,309.6,0.44,0.38,2023-10-07,2034,N20,VIIRS,n,2,297.8,1.95,N,2,VIIRS_NOAA20_SP
26.87691,73.51368,305.83,0.47,0.4,2023-10-07,2034,N20,VIIRS,n,2,295.19,1.95,N,2,VIIRS_NOAA20_SP
19.80309,78.86642,306.42,0.47,0.39,2023-10-07,2035,N20,VIIRS,n,2,294.96,1.43,N,0,VIIRS_NOAA20_SP
19.92234,79.11151,306.29,0.48,0.4,2023-10-07,2035,N20,VIIRS,n,2,290.41,1.35,N,2,VIIRS_NOAA20_SP
19.96525,79.33452,313.45,0.49,0.4,2023-10-07,2035,N20,VIIRS,n,2,290.92,2.31,N,2,VIIRS_NOAA20_SP
20.0077,79.18263,304.84,0.48,0.4,2023-10-07,2035,N20,VIIRS,n,2,294.07,2.59,N,0,VIIRS_NOAA20_SP
20.83629,70.6942,306.72,0.57,0.43,2023-10-07,2035,N20,VIIRS,n,2,296.42,1.24,N,2,VIIRS_NOAA20_SP
20.91214,71.46064,308.26,0.51,0.41,2023-10-07,2035,N20,VIIRS,n,2,296.6,2.46,N,2,VIIRS_NOAA20_SP
20.94449,86.05334,304.64,0.4,0.6,2023-10-07,2035,N20,VIIRS,n,2,282.96,0.98,N,2,VIIRS_NOAA20_SP
20.9516,86.04694,322.9,0.4,0.6,2023-10-07,2035,N20,VIIRS,n,2,280.0,2.03,N,2,VIIRS_NOAA20_SP
20.96525,86.01083,298.79,0.4,0.6,2023-10-07,2035,N20,VIIRS,n,2,276.45,0.75,N,2,VIIRS_NOAA20_SP
20.97061,86.01227,298.9,0.4,0.6,2023-10-07,2035,N20,VIIRS,n,2,275.94,0.54,N,2,VIIRS_NOAA20_SP
20.9731,86.00099,297.98,0.4,0.6,2023-10-07,2035,N20,VIIRS,n,2,275.26,0.71,N,2,VIIRS_NOAA20_SP
21.10095,72.65065,328.91,0.45,0.39,2023-10-07,2035,N20,VIIRS,n,2,297.04,3.47,N,2,VIIRS_NOAA20_SP
21.10277,72.63763,317.61,0.45,0.39,2023-10-07,2035,N20,VIIRS,n,2,298.58,6.38,N,2,VIIRS_NOAA20_SP
21.10338,72.63329,329.95,0.45,0.39,2023-10-07,2035,N20,VIIRS,n,2,296.69,7.78,N,2,VIIRS_NOAA20_SP
21.10512,72.64687,330.66,0.45,0.39,2023-10-07,2035,N20,VIIRS,n,2,298.84,3.47,N,2,VIIRS_NOAA20_SP
21.10573,72.64254,312.0,0.45,0.39,2023-10-07,2035,N20,VIIRS,n,2,297.24,6.38,N,2,VIIRS_NOAA20_SP
21.10869,72.64745,324.66,0.45,0.39,2023-10-07,2035,N20,VIIRS,n,2,299.6,2.97,N,2,VIIRS_NOAA20_SP
21.11052,72.63441,309.9,0.45,0.39,2023-10-07,2035,N20,VIIRS,n,2,298.5,0.78,N,2,VIIRS_NOAA20_SP
21.11409,72.63497,311.52,0.45,0.39,2023-10-07,2035,N20,VIIRS,n,2,298.09,0.78,N,2,VIIRS_NOAA20_SP
21.17968,81.38634,306.61,0.4,0.44,2023-10-07,2035,N20,VIIRS,n,2,296.55,1.14,N,3,VIIRS_NOAA20_SP
21.18371,81.38722,312.45,0.4,0.44,2023-10-07,2035,N20,VIIRS,n,2,298.96,1.14,N,3,VIIRS_NOAA20_SP
21.18442,81.38342,310.43,0.4,0.44,2023-10-07,2035,N20,VIIRS,n,2,296.61,1.14,N,3,VIIRS_NOAA20_SP
21.18701,81.39192,309.83,0.4,0.45,2023-10-07,2035,N20,VIIRS,n,2,298.63,2.0,N,2,VIIRS_NOAA20_SP
21.18773,81.38811,324.1,0.4,0.44,2023-10-07,2035,N20,VIIRS,n,2,297.83,2.94,N,2,VIIRS_NOAA20_SP
21.23476,79.62976,304.67,0.49,0.4,2023-10-07,2035,N20,VIIRS,n,2,284.48,1.4,N,2,VIIRS_NOAA20_SP
21.37503,81.68087,313.22,0.42,0.45,2023-10-07,2035,N20,VIIRS,n,2,297.72,1.41,N,2,VIIRS_NOAA20_SP
21.37528,81.64205,309.43,0.41,0.45,2023-10-07,2035,N20,VIIRS,n,2,296.57,2.15,N,2,VIIRS_NOAA20_SP
21.37785,81.64473,307.77,0.41,0.45,2023-10-07,2035,N20,VIIRS,n,2,297.18,1.21,N,2,VIIRS_NOAA20_SP
21.37861,81.64082,307.13,0.41,0.45,2023-10-07,2035,N20,VIIRS,n,2,296.88,1.21,N,2,VIIRS_NOAA20_SP
21.3791,81.68178,310.04,0.42,0.45,2023-10-07,2035,N20,VIIRS,n,2,297.99,1.41,N,2,VIIRS_NOAA20_SP
21.39007,81.6474,316.87,0.41,0.45,2023-10-07,2035,N20,VIIRS,n,2,298.32,2.48,N,2,VIIRS_NOAA20_SP
21.48903,81.76741,310.55,0.42,0.45,2023-10-07,2035,N20,VIIRS,n,2,295.38,0.81,N,2,VIIRS_NOAA20_SP
21.57888,82.02207,310.68,0.43,0.46,2023-10-07,2035,N20,VIIRS,n,2,297.27,1.25,N,2,VIIRS_NOAA20_SP
21.6726,82.08089,308.39,0.44,0.46,2023-10-07,2035,N20,VIIRS,n,2,295.84,1.18,N,2,VIIRS_NOAA20_SP
21.73964,73.01215,309.44,0.44,0.39,2023-10-07,2035,N20,VIIRS,n,2,298.17,1.63,N,0,VIIRS_NOAA20_SP
22.92605,70.10393,320.25,0.43,0.46,2023-10-07,2035,N20,VIIRS,n,2,296.82,1.62,N,0,VIIRS_NOAA20_SP
22.92859,69.82427,307.83,0.45,0.47,2023-10-07,2035,N20,VIIRS,n,2,297.22,1.38,N,2,VIIRS_NOAA20_SP
22.93027,70.10452,313.93,0.43,0.46,2023-10-07,2035,N20,VIIRS,n,2,296.28,1.62,N,0,VIIRS_NOAA20_SP
23.10544,70.18611,311.19,0.43,0.46,2023-10-07,2035,N20,VIIRS,n,2,297.46,1.03,N,2,VIIRS_NOAA20_SP
23.12205,70.08106,313.47,0.44,0.46,2023-10-07,2035,N20,VIIRS,n,2,296.58,2.22,N,0,VIIRS_NOAA20_SP
23.42993,68.71298,306.59,0.54,0.51,2023-10-07,2035,N20,VIIRS,n,2,296.41,1.88,N,2,VIIRS_NOAA20_SP
15.96239,80.93648,309.11,0.46,0.47,2023-10-07,2036,N20,VIIRS,n,2,294.81,0.51,N,0,VIIRS_NOAA20_SP
16.87154,80.02188,308.01,0.39,0.44,2023-10-07,2036,N20,VIIRS,n,2,296.57,1.36,N,2,VIIRS_NOAA20_SP
16.87307,80.02089,309.82,0.39,0.44,2023-10-07,2036,N20,VIIRS,n,2,297.16,1.18,N,2,VIIRS_NOAA20_SP
17.06346,76.97932,306.12,0.42,0.38,2023-10-07,2036,N20,VIIRS,n,2,296.11,1.14,N,2,VIIRS_NOAA20_SP
17.77017,75.8033,303.29,0.39,0.36,2023-10-07,2036,N20,VIIRS,n,2,293.03,0.44,N,0,VIIRS_NOAA20_SP
18.68082,73.04378,331.44,0.42,0.37,2023-10-07,2036,N20,VIIRS,n,2,297.04,2.59,N,2,VIIRS_NOAA20_SP
18.68138,73.03985,312.4,0.42,0.37,2023-10-07,2036,N20,VIIRS,n,2,295.74,2.59,N,2,VIIRS_NOAA20_SP
18.68481,73.04041,316.04,0.42,0.37,2023-10-07,2036,N20,VIIRS,n,2,296.92,4.69,N,2,VIIRS_NOAA20_SP
18.68538,73.03646,336.29,0.42,0.38,2023-10-07,2036,N20,VIIRS,n,2,297.48,8.34,N,2,VIIRS_NOAA20_SP
18.68651,73.02857,320.82,0.42,0.38,2023-10-07,2036,N20,VIIRS,n,2,296.42,2.88,N,2,VIIRS_NOAA20_SP
18.69167,73.0415,313.98,0.42,0.37,2023-10-07,2036,N20,VIIRS,n,2,295.66,2.08,N,2,VIIRS_NOAA20_SP
18.72018,79.50716,317.51,0.52,0.41,2023-10-07,2036,N20,VIIRS,n,2,295.8,1.57,N,0,VIIRS_NOAA20_SP
18.72062,79.50443,305.88,0.52,0.41,2023-10-07,2036,N20,VIIRS,n,2,295.3,1.42,N,0,VIIRS_NOAA20_SP
19.01294,72.9043,312.32,0.42,0.38,2023-10-07,2036,N20,VIIRS,n,2,295.65,4.25,N,2,VIIRS_NOAA20_SP
19.0222,72.88931,329.33,0.42,0.38,2023-10-07,2036,N20,VIIRS,n,2,293.56,4.86,N,0,VIIRS_NOAA20_SP
19.17925,70.94383,316.15,0.52,0.42,2023-10-07,2036,N20,VIIRS,n,2,298.5,1.21,N,3,VIIRS_NOAA20_SP
19.34744,71.30386,323.99,0.5,0.41,2023-10-07,2036,N20,VIIRS,n,2,298.72,2.15,N,3,VIIRS_NOAA20_SP
19.34818,71.30523,321.83,0.5,0.41,2023-10-07,2036,N20,VIIRS,n,2,298.72,1.23,N,3,VIIRS_NOAA20_SP
19.34881,71.30045,311.22,0.5,0.41,2023-10-07,2036,N20,VIIRS,n,2,298.63,1.23,N,3,VIIRS_NOAA20_SP
19.37248,71.35262,328.27,0.5,0.41,2023-10-07,2036,N20,VIIRS,n,2,298.55,2.44,N,3,VIIRS_NOAA20_SP
11.81049,77.92451,307.44,0.53,0.42,2023-10-07,2037,N20,VIIRS,n,2,287.24,1.09,N,2,VIIRS_NOAA20_SP
11.95376,78.93714,306.27,0.4,0.45,2023-10-07,2037,N20,VIIRS,n,2,289.87,0.25,N,0,VIIRS_NOAA20_SP
14.60606,78.52089,306.11,0.52,0.42,2023-10-07,2037,N20,VIIRS,n,2,294.16,1.21,N,2,VIIRS_NOAA20_SP
14.72132,77.61492,311.16,0.47,0.4,2023-10-07,2037,N20,VIIRS,n,2,291.83,1.09,N,0,VIIRS_NOAA20_SP
15.01365,76.89936,305.86,0.43,0.38,2023-10-07,2037,N20,VIIRS,n,2,293.63,2.17,N,2,VIIRS_NOAA20_SP
15.13642,76.70879,307.37,0.43,0.38,2023-10-07,2037,N20,VIIRS,n,2,294.07,1.51,N,2,VIIRS_NOAA20_SP
15.1502,76.71126,308.18,0.43,0.38,2023-10-07,2037,N20,VIIRS,n,2,293.7,1.41,N,2,VIIRS_NOAA20_SP
15.17116,76.6663,335.65,0.42,0.38,2023-10-07,2037,N20,VIIRS,n,2,295.82,4.27,N,2,VIIRS_NOAA20_SP
15.17173,76.66685,334.01,0.42,0.38,2023-10-07,2037,N20,VIIRS,n,2,295.44,4.38,N,2,VIIRS_NOAA20_SP
15.17196,76.68249,309.11,0.42,0.38,2023-10-07,2037,N20,VIIRS,n,2,293.16,0.95,N,2,VIIRS_NOAA20_SP
15.17657,76.65524,321.17,0.42,0.38,2023-10-07,2037,N20,VIIRS,n,2,296.49,1.54,N,2,VIIRS_NOAA20_SP
15.18541,76.64482,309.9,0.42,0.38,2023-10-07,2037,N20,VIIRS,n,2,294.7,2.14,N,2,VIIRS_NOAA20_SP
15.31049,76.25307,303.01,0.41,0.37,2023-10-07,2037,N20,VIIRS,n,2,292.38,0.81,N,2,VIIRS_NOAA20_SP
15.31726,76.25424,304.29,0.41,0.37,2023-10-07,2037,N20,VIIRS,n,2,292.64,0.61,N,2,VIIRS_NOAA20_SP
15.33261,76.28809,304.62,0.41,0.37,2023-10-07,2037,N20,VIIRS,n,2,293.42,0.74,N,0,VIIRS_NOAA20_SP
15.33323,76.28428,304.54,0.41,0.37,2023-10-07,2037,N20,VIIRS,n,2,292.93,1.21,N,2,VIIRS_NOAA20_SP
15.65911,73.98951,311.54,0.39,0.36,2023-10-07,2037,N20,VIIRS,n,2,293.88,1.3,N,2,VIIRS_NOAA20_SP
9.97943,76.37612,305.31,0.46,0.39,2023-10-07,2038,N20,VIIRS,n,2,291.17,1.72,N,2,VIIRS_NOAA20_SP
10.76201,76.72789,301.43,0.47,0.4,2023-10-07,2038,N20,VIIRS,n,2,284.9,1.69,N,0,VIIRS_NOAA20_SP
10.93053,77.06577,306.35,0.49,0.4,2023-10-07,2038,N20,VIIRS,n,2,285.61,1.7,N,2,VIIRS_NOAA20_SP
11.1836,79.09898,309.43,0.43,0.46,2023-10-07,2038,N20,VIIRS,n,2,291.78,1.37,N,2,VIIRS_NOAA20_SP
11.80082,76.95884,304.58,0.47,0.4,2023-10-07,2038,N20,VIIRS,n,2,285.35,1.1,N,0,VIIRS_NOAA20_SP
8.29452,80.31317,337.15,0.5,0.41,2023-10-08,743,N20,VIIRS,n,2,294.86,4.63,D,0,VIIRS_NOAA20_SP
8.38447,80.38698,334.04,0.49,0.41,2023-10-08,743,N20,VIIRS,n,2,291.35,3.85,D,0,VIIRS_NOAA20_SP
8.43507,80.4423,330.6,0.49,0.4,2023-10-08,743,N20,VIIRS,l,2,296.38,5.86,D,0,VIIRS_NOAA20_SP
8.45527,80.34061,332.3,0.5,0.41,2023-10-08,743,N20,VIIRS,l,2,295.45,7.06,D,0,VIIRS_NOAA20_SP
8.4565,80.43428,330.94,0.49,0.4,2023-10-08,743,N20,VIIRS,l,2,296.49,3.79,D,0,VIIRS_NOAA20_SP
8.45945,80.43551,337.11,0.49,0.4,2023-10-08,743,N20,VIIRS,n,2,297.36,6.67,D,0,VIIRS_NOAA20_SP
8.72089,80.40404,332.8,0.49,0.4,2023-10-08,743,N20,VIIRS,l,2,297.75,8.12,D,0,VIIRS_NOAA20_SP
8.66008,78.11536,351.04,0.45,0.47,2023-10-08,744,N20,VIIRS,n,2,298.7,9.59,D,0,VIIRS_NOAA20_SP
9.01214,77.78955,342.42,0.46,0.47,2023-10-08,744,N20,VIIRS,n,2,297.81,6.47,D,0,VIIRS_NOAA20_SP
9.01286,77.79372,336.04,0.46,0.47,2023-10-08,744,N20,VIIRS,n,2,298.13,6.47,D,0,VIIRS_NOAA20_SP
9.15918,80.44954,340.16,0.48,0.4,2023-10-08,744,N20,VIIRS,n,2,299.35,18.71,D,0,VIIRS_NOAA20_SP
9.1797,80.43729,333.41,0.48,0.4,2023-10-08,744,N20,VIIRS,l,2,300.18,8.0,D,0,VIIRS_NOAA20_SP
9.19677,80.63634,330.29,0.47,0.4,2023-10-08,744,N20,VIIRS,l,2,300.5,8.0,D,0,VIIRS_NOAA20_SP
9.48541,78.74738,333.95,0.39,0.44,2023-10-08,744,N20,VIIRS,n,2,297.03,0.97,D,0,VIIRS_NOAA20_SP
9.79645,77.40782,330.27,0.48,0.48,2023-10-08,744,N20,VIIRS,n,2,298.81,4.01,D,0,VIIRS_NOAA20_SP
9.81004,78.37059,338.38,0.41,0.45,2023-10-08,744,N20,VIIRS,n,2,295.92,2.49,D,0,VIIRS_NOAA20_SP
9.91963,77.93836,331.48,0.44,0.46,2023-10-08,744,N20,VIIRS,n,2,299.18,2.1,D,0,VIIRS_NOAA20_SP
10.10777,78.49999,330.33,0.4,0.44,2023-10-08,744,N20,VIIRS,n,2,298.22,1.78,D,0,VIIRS_NOAA20_SP
10.70633,79.53507,333.89,0.51,0.41,2023-10-08,744,N20,VIIRS,n,2,295.36,3.26,D,0,VIIRS_NOAA20_SP
11.14803,79.31974,330.49,0.52,0.41,2023-10-08,744,N20,VIIRS,n,2,296.39,2.68,D,0,VIIRS_NOAA20_SP
11.39218,77.22627,331.9,0.46,0.47,2023-10-08,744,N20,VIIRS,n,2,297.1,2.52,D,0,VIIRS_NOAA20_SP
12.21897,76.79682,336.65,0.48,0.48,2023-10-08,745,N20,VIIRS,n,2,293.94,3.73,D,0,VIIRS_NOAA20_SP
14.14039,77.65466,344.02,0.39,0.44,2023-10-08,745,N20,VIIRS,n,2,301.67,22.71,D,0,VIIRS_NOAA20_SP
14.50353,79.96117,332.23,0.44,0.38,2023-10-08,745,N20,VIIRS,l,2,302.91,1.84,D,0,VIIRS_NOAA20_SP
14.61836,78.06282,335.55,0.55,0.42,2023-10-08,745,N20,VIIRS,n,2,302.96,4.79,D,0,VIIRS_NOAA20_SP
14.64128,79.23245,334.0,0.47,0.4,2023-10-08,745,N20,VIIRS,n,2,300.21,2.51,D,0,VIIRS_NOAA20_SP
14.64693,77.62714,342.17,0.39,0.44,2023-10-08,745,N20,VIIRS,n,2,302.76,7.54,D,0,VIIRS_NOAA20_SP
14.65352,79.86002,338.53,0.44,0.39,2023-10-08,745,N20,VIIRS,n,2,303.71,3.49,D,0,VIIRS_NOAA20_SP
14.87424,77.4708,337.64,0.39,0.44,2023-10-08,745,N20,VIIRS,n,2,299.9,2.72,D,0,VIIRS_NOAA20_SP
15.08268,76.21751,330.57,0.46,0.47,2023-10-08,745,N20,VIIRS,l,2,302.28,1.75,D,0,VIIRS_NOAA20_SP
15.14333,78.67056,338.23,0.5,0.41,2023-10-08,745,N20,VIIRS,n,2,299.92,5.09,D,0,VIIRS_NOAA20_SP
15.16886,78.61855,333.38,0.5,0.41,2023-10-08,745,N20,VIIRS,n,2,299.99,2.17,D,0,VIIRS_NOAA20_SP
15.17728,78.55507,338.69,0.5,0.41,2023-10-08,745,N20,VIIRS,n,2,301.18,5.82,D,0,VIIRS_NOAA20_SP
15.21995,78.58081,332.14,0.5,0.41,2023-10-08,745,N20,VIIRS,n,2,299.76,1.46,D,0,VIIRS_NOAA20_SP
15.22166,78.58217,333.53,0.5,0.41,2023-10-08,745,N20,VIIRS,n,2,299.91,4.26,D,0,VIIRS_NOAA20_SP
15.88633,78.33357,330.9,0.51,0.41,2023-10-08,745,N20,VIIRS,l,2,305.35,5.48,D,0,VIIRS_NOAA20_SP
15.8911,78.3615,334.57,0.5,0.41,2023-10-08,745,N20,VIIRS,n,2,306.42,4.86,D,0,VIIRS_NOAA20_SP
15.90507,78.26231,333.06,0.51,0.41,2023-10-08,745,N20,VIIRS,n,2,304.17,3.12,D,0,VIIRS_NOAA20_SP
16.00197,79.84798,337.9,0.43,0.38,2023-10-08,745,N20,VIIRS,n,2,309.37,3.03,D,0,VIIRS_NOAA20_SP
16.27795,76.4888,333.82,0.43,0.46,2023-10-08,746,N20,VIIRS,n,2,304.54,3.02,D,0,VIIRS_NOAA20_SP
16.45553,79.54298,340.26,0.44,0.38,2023-10-08,746,N20,VIIRS,n,2,310.25,6.62,D,0,VIIRS_NOAA20_SP
16.86443,81.48037,334.62,0.39,0.36,2023-10-08,746,N20,VIIRS,n,2,299.98,2.48,D,0,VIIRS_NOAA20_SP
16.92864,78.10417,332.44,0.5,0.41,2023-10-08,746,N20,VIIRS,n,2,301.13,1.79,D,0,VIIRS_NOAA20_SP
17.03581,81.16082,335.53,0.39,0.36,2023-10-08,746,N20,VIIRS,n,2,297.49,1.5,D,0,VIIRS_NOAA20_SP
17.22828,80.24349,337.6,0.41,0.37,2023-10-08,746,N20,VIIRS,n,2,302.09,3.81,D,0,VIIRS_NOAA20_SP
17.48112,80.92274,330.44,0.39,0.36,2023-10-08,746,N20,VIIRS,n,2,303.93,2.06,D,0,VIIRS_NOAA20_SP
17.51243,80.39177,330.09,0.4,0.37,2023-10-08,746,N20,VIIRS,n,2,299.68,2.31,D,0,VIIRS_NOAA20_SP
17.59714,79.02543,334.09,0.45,0.39,2023-10-08,746,N20,VIIRS,n,2,303.95,3.04,D,0,VIIRS_NOAA20_SP
17.61162,83.20415,332.19,0.4,0.37,2023-10-08,746,N20,VIIRS,n,2,299.8,2.92,D,2,VIIRS_NOAA20_SP
17.85075,79.79063,332.21,0.42,0.37,2023-10-08,746,N20,VIIRS,n,2,300.68,3.26,D,0,VIIRS_NOAA20_SP
17.98994,79.26944,331.25,0.43,0.38,2023-10-08,746,N20,VIIRS,n,2,303.54,2.81,D,0,VIIRS_NOAA20_SP
18.22196,75.86718,330.43,0.43,0.46,2023-10-08,746,N20,VIIRS,n,2,304.17,3.73,D,0,VIIRS_NOAA20_SP
18.34904,79.06779,333.37,0.44,0.38,2023-10-08,746,N20,VIIRS,n,2,303.27,1.96,D,0,VIIRS_NOAA20_SP
18.72502,78.39012,337.47,0.46,0.39,2023-10-08,746,N20,VIIRS,n,2,298.25,4.04,D,0,VIIRS_NOAA20_SP
18.8125,82.39442,332.3,0.39,0.36,2023-10-08,746,N20,VIIRS,n,2,300.95,2.13,D,0,VIIRS_NOAA20_SP
18.82331,78.41328,330.56,0.46,0.39,2023-10-08,746,N20,VIIRS,l,2,303.32,3.9,D,0,VIIRS_NOAA20_SP
18.82404,78.41758,333.58,0.46,0.39,2023-10-08,746,N20,VIIRS,n,2,303.54,3.9,D,0,VIIRS_NOAA20_SP
18.82799,78.50552,342.96,0.46,0.39,2023-10-08,746,N20,VIIRS,n,2,304.93,5.31,D,0,VIIRS_NOAA20_SP
19.03458,82.98596,331.46,0.4,0.37,2023-10-08,746,N20,VIIRS,n,2,298.59,1.34,D,0,VIIRS_NOAA20_SP
19.09122,82.16879,341.19,0.39,0.36,2023-10-08,746,N20,VIIRS,n,2,305.67,4.33,D,0,VIIRS_NOAA20_SP
19.10167,82.17081,336.63,0.39,0.36,2023-10-08,746,N20,VIIRS,n,2,306.2,4.52,D,0,VIIRS_NOAA20_SP
20.79301,85.25509,345.55,0.5,0.41,2023-10-08,747,N20,VIIRS,n,2,300.07,13.15,D,2,VIIRS_NOAA20_SP
20.96715,85.01603,333.99,0.49,0.4,2023-10-08,747,N20,VIIRS,n,2,300.09,3.39,D,0,VIIRS_NOAA20_SP
20.96911,85.01893,331.73,0.49,0.4,2023-10-08,747,N20,VIIRS,n,2,298.38,3.55,D,0,VIIRS_NOAA20_SP
21.07508,85.04579,337.94,0.49,0.4,2023-10-08,747,N20,VIIRS,n,2,306.66,8.92,D,2,VIIRS_NOAA20_SP
21.0765,85.04349,348.47,0.49,0.4,2023-10-08,747,N20,VIIRS,n,2,305.31,12.67,D,2,VIIRS_NOAA20_SP
21.08212,79.78442,330.47,0.4,0.37,2023-10-08,747,N20,VIIRS,l,2,301.8,1.79,D,0,VIIRS_NOAA20_SP
21.10112,72.63483,340.76,0.61,0.54,2023-10-08,747,N20,VIIRS,n,2,301.3,12.07,D,2,VIIRS_NOAA20_SP
21.10351,72.64632,343.29,0.61,0.53,2023-10-08,747,N20,VIIRS,n,2,302.19,14.89,D,2,VIIRS_NOAA20_SP
21.19548,81.41772,339.33,0.38,0.36,2023-10-08,747,N20,VIIRS,l,2,310.08,5.2,D,2,VIIRS_NOAA20_SP
21.67682,84.03855,336.78,0.45,0.39,2023-10-08,747,N20,VIIRS,n,2,306.29,9.35,D,2,VIIRS_NOAA20_SP
21.75736,84.02281,336.53,0.45,0.39,2023-10-08,747,N20,VIIRS,n,2,305.16,7.82,D,2,VIIRS_NOAA20_SP
21.92169,83.35089,344.55,0.42,0.38,2023-10-08,747,N20,VIIRS,n,2,311.04,6.32,D,2,VIIRS_NOAA20_SP
22.00453,82.66824,332.67,0.41,0.37,2023-10-08,747,N20,VIIRS,l,2,307.66,6.73,D,2,VIIRS_NOAA20_SP
22.04004,83.73779,339.04,0.44,0.38,2023-10-08,747,N20,VIIRS,n,2,308.88,6.1,D,2,VIIRS_NOAA20_SP
22.043,83.73302,341.47,0.44,0.38,2023-10-08,747,N20,VIIRS,n,2,308.94,6.1,D,2,VIIRS_NOAA20_SP
22.10135,78.02428,331.04,0.44,0.38,2023-10-08,747,N20,VIIRS,n,2,303.43,2.62,D,0,VIIRS_NOAA20_SP
22.10523,83.52557,342.83,0.43,0.38,2023-10-08,747,N20,VIIRS,n,2,311.41,4.85,D,0,VIIRS_NOAA20_SP
22.12064,76.94894,333.13,0.49,0.4,2023-10-08,747,N20,VIIRS,l,2,307.3,2.44,D,0,VIIRS_NOAA20_SP
22.18195,76.85046,334.68,0.49,0.41,2023-10-08,747,N20,VIIRS,n,2,307.15,2.29,D,0,VIIRS_NOAA20_SP
22.32525,82.68587,334.01,0.41,0.37,2023-10-08,747,N20,VIIRS,l,2,308.57,3.5,D,2,VIIRS_NOAA20_SP
22.33156,82.65665,335.3,0.41,0.37,2023-10-08,747,N20,VIIRS,l,2,308.72,2.56,D,2,VIIRS_NOAA20_SP
22.63304,77.6468,336.04,0.45,0.39,2023-10-08,747,N20,VIIRS,n,2,305.02,2.91,D,0,VIIRS_NOAA20_SP
23.08876,79.86671,333.66,0.39,0.36,2023-10-08,747,N20,VIIRS,l,2,304.78,1.58,D,0,VIIRS_NOAA20_SP
23.09045,79.50929,335.89,0.39,0.36,2023-10-08,747,N20,VIIRS,n,2,308.09,2.44,D,0,VIIRS_NOAA20_SP
23.17097,79.54543,333.54,0.39,0.36,2023-10-08,747,N20,VIIRS,l,2,307.94,2.66,D,0,VIIRS_NOAA20_SP
23.21035,79.60046,336.98,0.39,0.36,2023-10-08,747,N20,VIIRS,n,2,309.79,1.39,D,0,VIIRS_NOAA20_SP
23.55825,87.2406,340.48,0.47,0.48,2023-10-08,747,N20,VIIRS,n,2,294.95,4.95,D,2,VIIRS_NOAA20_SP
23.67462,86.08813,331.61,0.4,0.44,2023-10-08,747,N20,VIIRS,l,2,303.98,3.62,D,2,VIIRS_NOAA20_SP
23.67921,86.09547,341.96,0.4,0.44,2023-10-08,747,N20,VIIRS,n,2,302.76,8.13,D,2,VIIRS_NOAA20_SP
23.67965,86.09547,340.49,0.4,0.44,2023-10-08,747,N20,VIIRS,n,2,302.63,6.36,D,2,VIIRS_NOAA20_SP
23.75598,86.40479,343.57,0.42,0.45,2023-10-08,747,N20,VIIRS,n,2,300.97,6.17,D,2,VIIRS_NOAA20_SP
23.75968,86.40014,339.02,0.42,0.45,2023-10-08,747,N20,VIIRS,n,2,301.57,6.17,D,2,VIIRS_NOAA20_SP
23.76338,86.39548,337.11,0.42,0.45,2023-10-08,747,N20,VIIRS,n,2,303.65,10.1,D,2,VIIRS_NOAA20_SP
23.77538,86.3896,342.28,0.42,0.45,2023-10-08,747,N20,VIIRS,n,2,302.68,10.61,D,2,VIIRS_NOAA20_SP
23.77947,86.20747,347.14,0.41,0.45,2023-10-08,747,N20,VIIRS,n,2,303.47,4.84,D,2,VIIRS_NOAA20_SP
23.77994,86.21146,331.88,0.41,0.45,2023-10-08,747,N20,VIIRS,n,2,299.29,4.84,D,2,VIIRS_NOAA20_SP
23.80245,86.33189,334.44,0.42,0.45,2023-10-08,747,N20,VIIRS,n,2,298.65,6.34,D,2,VIIRS_NOAA20_SP
22.65487,75.19787,333.27,0.4,0.44,2023-10-08,748,N20,VIIRS,n,2,306.3,2.14,D,0,VIIRS_NOAA20_SP
22.92481,70.10893,353.14,0.41,0.6,2023-10-08,748,N20,VIIRS,n,2,307.22,7.29,D,0,VIIRS_NOAA20_SP
22.96297,75.70491,335.35,0.55,0.43,2023-10-08,748,N20,VIIRS,n,2,309.11,1.77,D,0,VIIRS_NOAA20_SP
23.02054,70.94765,335.24,0.36,0.57,2023-10-08,748,N20,VIIRS,n,2,301.12,1.84,D,0,VIIRS_NOAA20_SP
23.0449,75.2768,336.66,0.39,0.44,2023-10-08,748,N20,VIIRS,l,2,310.46,1.95,D,0,VIIRS_NOAA20_SP
23.05608,75.94265,337.03,0.53,0.42,2023-10-08,748,N20,VIIRS,n,2,311.68,3.22,D,0,VIIRS_NOAA20_SP
23.26712,79.17051,331.28,0.4,0.37,2023-10-08,748,N20,VIIRS,n,2,304.97,2.11,D,0,VIIRS_NOAA20_SP
23.32152,77.0609,338.54,0.47,0.4,2023-10-08,748,N20,VIIRS,n,2,309.6,2.15,D,0,VIIRS_NOAA20_SP
23.3582,79.76326,338.21,0.39,0.36,2023-10-08,748,N20,VIIRS,n,2,309.29,4.29,D,0,VIIRS_NOAA20_SP
23.36168,79.76287,341.62,0.39,0.36,2023-10-08,748,N20,VIIRS,n,2,311.01,5.3,D,0,VIIRS_NOAA20_SP
23.37277,79.76856,337.03,0.39,0.36,2023-10-08,748,N20,VIIRS,n,2,308.45,3.76,D,0,VIIRS_NOAA20_SP
23.43237,77.77169,336.55,0.44,0.38,2023-10-08,748,N20,VIIRS,n,2,309.23,2.86,D,0,VIIRS_NOAA20_SP
23.45431,70.57637,339.93,0.37,0.58,2023-10-08,748,N20,VIIRS,n,2,304.14,2.85,D,0,VIIRS_NOAA20_SP
23.45509,70.57993,333.33,0.37,0.58,2023-10-08,748,N20,VIIRS,n,2,303.61,2.85,D,0,VIIRS_NOAA20_SP
23.46031,70.57861,339.45,0.37,0.58,2023-10-08,748,N20,VIIRS,n,2,301.84,2.77,D,0,VIIRS_NOAA20_SP
23.51664,76.60665,337.22,0.49,0.4,2023-10-08,748,N20,VIIRS,n,2,311.82,2.91,D,0,VIIRS_NOAA20_SP
23.63099,79.14514,338.29,0.4,0.37,2023-10-08,748,N20,VIIRS,n,2,312.09,2.43,D,0,VIIRS_NOAA20_SP
23.78839,72.25707,335.38,0.57,0.52,2023-10-08,748,N20,VIIRS,n,2,303.28,3.07,D,0,VIIRS_NOAA20_SP
23.94869,79.21629,341.25,0.39,0.36,2023-10-08,748,N20,VIIRS,n,2,311.65,3.11,D,0,VIIRS_NOAA20_SP
24.24789,77.86884,334.48,0.42,0.38,2023-10-08,748,N20,VIIRS,l,2,308.97,0.99,D,0,VIIRS_NOAA20_SP
24.32081,77.65308,338.33,0.43,0.38,2023-10-08,748,N20,VIIRS,n,2,312.57,2.17,D,0,VIIRS_NOAA20_SP
24.38691,78.36903,336.25,0.41,0.37,2023-10-08,748,N20,VIIRS,n,2,307.23,2.86,D,0,VIIRS_NOAA20_SP
24.42217,77.58513,337.83,0.43,0.38,2023-10-08,748,N20,VIIRS,l,2,311.59,3.92,D,0,VIIRS_NOAA20_SP
24.49774,77.53572,336.35,0.43,0.38,2023-10-08,748,N20,VIIRS,l,2,311.19,3.13,D,0,VIIRS_NOAA20_SP
24.60227,76.37633,333.99,0.48,0.4,2023-10-08,748,N20,VIIRS,l,2,308.5,2.17,D,0,VIIRS_NOAA20_SP
24.60428,80.69038,342.37,0.39,0.36,2023-10-08,748,N20,VIIRS,n,2,309.97,6.41,D,0,VIIRS_NOAA20_SP
24.64771,77.73584,337.86,0.43,0.38,2023-10-08,748,N20,VIIRS,l,2,311.69,3.49,D,0,VIIRS_NOAA20_SP
24.75177,76.51943,336.31,0.47,0.4,2023-10-08,748,N20,VIIRS,l,2,310.84,2.89,D,0,VIIRS_NOAA20_SP
24.79425,76.59148,337.5,0.47,0.4,2023-10-08,748,N20,VIIRS,l,2,310.85,3.55,D,0,VIIRS_NOAA20_SP
24.83473,76.80379,336.95,0.46,0.39,2023-10-08,748,N20,VIIRS,l,2,310.66,5.85,D,0,VIIRS_NOAA20_SP
24.83731,76.80511,340.51,0.46,0.39,2023-10-08,748,N20,VIIRS,n,2,312.49,9.04,D,0,VIIRS_NOAA20_SP
24.83937,77.00107,334.67,0.45,0.39,2023-10-08,748,N20,VIIRS,l,2,308.07,1.67,D,0,VIIRS_NOAA20_SP
24.8597,77.11926,334.79,0.45,0.39,2023-10-08,748,N20,VIIRS,n,2,307.14,2.47,D,0,VIIRS_NOAA20_SP
24.86683,76.95129,336.15,0.45,0.39,2023-10-08,748,N20,VIIRS,n,2,307.59,2.25,D,0,VIIRS_NOAA20_SP
24.88718,76.54046,337.16,0.47,0.4,2023-10-08,748,N20,VIIRS,l,2,310.48,2.76,D,0,VIIRS_NOAA20_SP
24.89344,76.97777,339.27,0.45,0.39,2023-10-08,748,N20,VIIRS,n,2,308.99,3.22,D,0,VIIRS_NOAA20_SP
24.90402,76.97558,337.48,0.45,0.39,2023-10-08,748,N20,VIIRS,l,2,311.33,3.08,D,0,VIIRS_NOAA20_SP
24.91056,77.09679,336.8,0.45,0.39,2023-10-08,748,N20,VIIRS,l,2,309.54,5.57,D,0,VIIRS_NOAA20_SP
24.9391,77.00931,337.97,0.45,0.39,2023-10-08,748,N20,VIIRS,n,2,309.08,3.73,D,0,VIIRS_NOAA20_SP
24.95782,76.9106,336.18,0.45,0.39,2023-10-08,748,N20,VIIRS,l,2,308.43,8.18,D,0,VIIRS_NOAA20_SP
24.9582,76.95052,344.09,0.45,0.39,2023-10-08,748,N20,VIIRS,n,2,310.96,8.26,D,0,VIIRS_NOAA20_SP
24.95841,76.90917,343.51,0.45,0.39,2023-10-08,748,N20,VIIRS,n,2,312.44,14.35,D,0,VIIRS_NOAA20_SP
24.96292,76.91871,336.47,0.45,0.39,2023-10-08,748,N20,VIIRS,l,2,311.06,5.19,D,0,VIIRS_NOAA20_SP
24.96423,76.92174,341.6,0.45,0.39,2023-10-08,748,N20,VIIRS,n,2,308.93,5.11,D,0,VIIRS_NOAA20_SP
24.98232,76.63084,336.25,0.47,0.39,2023-10-08,748,N20,VIIRS,l,2,309.82,3.64,D,0,VIIRS_NOAA20_SP
25.04011,75.98457,338.54,0.5,0.41,2023-10-08,748,N20,VIIRS,n,2,311.61,5.57,D,0,VIIRS_NOAA20_SP
25.04736,77.1099,335.17,0.44,0.39,2023-10-08,748,N20,VIIRS,n,2,308.1,1.81,D,0,VIIRS_NOAA20_SP
25.07026,76.31747,338.7,0.48,0.4,2023-10-08,748,N20,VIIRS,l,2,312.98,1.69,D,0,VIIRS_NOAA20_SP
25.09195,77.66199,338.87,0.42,0.38,2023-10-08,748,N20,VIIRS,n,2,311.59,3.81,D,0,VIIRS_NOAA20_SP
25.22412,76.35532,346.98,0.47,0.4,2023-10-08,748,N20,VIIRS,n,2,311.72,6.47,D,0,VIIRS_NOAA20_SP
25.23012,75.93189,331.25,0.5,0.41,2023-10-08,748,N20,VIIRS,l,2,305.18,3.47,D,0,VIIRS_NOAA20_SP
25.23101,75.93674,332.64,0.5,0.41,2023-10-08,748,N20,VIIRS,l,2,304.43,3.89,D,0,VIIRS_NOAA20_SP
25.25601,77.62974,343.11,0.42,0.38,2023-10-08,748,N20,VIIRS,n,2,306.97,2.21,D,0,VIIRS_NOAA20_SP
25.26032,75.82373,334.74,0.5,0.41,2023-10-08,748,N20,VIIRS,n,2,306.73,7.44,D,0,VIIRS_NOAA20_SP
25.28691,76.41388,342.61,0.47,0.4,2023-10-08,748,N20,VIIRS,n,2,312.2,3.2,D,0,VIIRS_NOAA20_SP
25.29286,77.05693,335.98,0.44,0.39,2023-10-08,748,N20,VIIRS,n,2,303.99,5.77,D,0,VIIRS_NOAA20_SP
25.32305,75.9041,334.56,0.5,0.41,2023-10-08,748,N20,VIIRS,n,2,308.93,2.52,D,0,VIIRS_NOAA20_SP
25.41011,76.66293,341.8,0.46,0.39,2023-10-08,748,N20,VIIRS,n,2,305.95,3.77,D,0,VIIRS_NOAA20_SP
25.50839,77.66478,336.55,0.42,0.38,2023-10-08,748,N20,VIIRS,l,2,307.7,3.66,D,0,VIIRS_NOAA20_SP
25.5118,77.66409,341.27,0.42,0.38,2023-10-08,748,N20,VIIRS,n,2,307.04,3.66,D,0,VIIRS_NOAA20_SP
25.51591,77.66752,335.22,0.42,0.38,2023-10-08,748,N20,VIIRS,l,2,306.33,4.16,D,0,VIIRS_NOAA20_SP
25.5162,78.73826,333.89,0.39,0.37,2023-10-08,748,N20,VIIRS,n,2,306.04,2.88,D,0,VIIRS_NOAA20_SP
25.60242,81.37514,330.9,0.4,0.37,2023-10-08,748,N20,VIIRS,l,2,304.18,2.16,D,0,VIIRS_NOAA20_SP
25.64366,81.16776,335.11,0.39,0.36,2023-10-08,748,N20,VIIRS,l,2,306.51,5.62,D,0,VIIRS_NOAA20_SP
25.64533,81.17945,336.91,0.39,0.36,2023-10-08,748,N20,VIIRS,n,2,305.88,2.54,D,0,VIIRS_NOAA20_SP
25.73291,84.77895,333.17,0.54,0.42,2023-10-08,748,N20,VIIRS,n,2,299.46,9.46,D,0,VIIRS_NOAA20_SP
25.81903,78.56698,337.26,0.4,0.37,2023-10-08,748,N20,VIIRS,n,2,308.21,4.2,D,0,VIIRS_NOAA20_SP
25.90414,78.52621,331.89,0.4,0.37,2023-10-08,748,N20,VIIRS,n,2,305.99,1.17,D,0,VIIRS_NOAA20_SP
25.91152,76.82371,336.88,0.45,0.39,2023-10-08,748,N20,VIIRS,n,2,306.97,2.22,D,0,VIIRS_NOAA20_SP
25.94441,81.17998,337.4,0.39,0.37,2023-10-08,748,N20,VIIRS,n,2,307.2,4.82,D,0,VIIRS_NOAA20_SP
25.95609,76.61871,343.53,0.45,0.39,2023-10-08,748,N20,VIIRS,n,2,311.24,12.5,D,0,VIIRS_NOAA20_SP
25.97377,76.61493,335.1,0.45,0.39,2023-10-08,748,N20,VIIRS,l,2,308.37,1.93,D,0,VIIRS_NOAA20_SP
25.99947,76.84737,337.22,0.44,0.39,2023-10-08,748,N20,VIIRS,n,2,309.71,1.52,D,0,VIIRS_NOAA20_SP
26.20906,78.38956,336.85,0.4,0.37,2023-10-08,748,N20,VIIRS,l,2,307.55,3.38,D,0,VIIRS_NOAA20_SP
26.31966,77.52883,341.47,0.42,0.37,2023-10-08,748,N20,VIIRS,n,2,309.4,2.72,D,0,VIIRS_NOAA20_SP
26.3356,77.68686,334.94,0.41,0.37,2023-10-08,748,N20,VIIRS,n,2,306.56,2.57,D,0,VIIRS_NOAA20_SP
26.33628,77.69093,338.83,0.41,0.37,2023-10-08,748,N20,VIIRS,n,2,306.87,2.57,D,0,VIIRS_NOAA20_SP
26.35931,77.66086,338.35,0.41,0.37,2023-10-08,748,N20,VIIRS,l,2,309.16,3.99,D,0,VIIRS_NOAA20_SP
26.36136,77.71531,334.19,0.41,0.37,2023-10-08,748,N20,VIIRS,l,2,307.29,2.66,D,0,VIIRS_NOAA20_SP
26.6405,79.26437,340.15,0.39,0.36,2023-10-08,748,N20,VIIRS,n,2,309.16,11.15,D,0,VIIRS_NOAA20_SP
26.7384,79.08305,343.22,0.39,0.36,2023-10-08,748,N20,VIIRS,n,2,309.05,12.02,D,0,VIIRS_NOAA20_SP
26.80839,79.27147,331.21,0.39,0.36,2023-10-08,748,N20,VIIRS,n,2,304.0,2.31,D,0,VIIRS_NOAA20_SP
26.83529,79.53484,333.2,0.38,0.36,2023-10-08,748,N20,VIIRS,l,2,304.43,3.07,D,0,VIIRS_NOAA20_SP
27.03826,81.29402,335.5,0.4,0.37,2023-10-08,748,N20,VIIRS,n,2,304.96,2.93,D,0,VIIRS_NOAA20_SP
27.1133,81.27695,336.24,0.4,0.37,2023-10-08,748,N20,VIIRS,n,2,303.42,9.01,D,0,VIIRS_NOAA20_SP
26.31436,68.19588,343.01,0.45,0.63,2023-10-08,749,N20,VIIRS,n,2,305.85,4.3,D,0,VIIRS_NOAA20_SP
26.56347,74.52577,342.12,0.56,0.43,2023-10-08,749,N20,VIIRS,n,2,309.6,15.98,D,0,VIIRS_NOAA20_SP
26.97171,74.2019,338.4,0.57,0.43,2023-10-08,749,N20,VIIRS,n,2,310.55,3.42,D,0,VIIRS_NOAA20_SP
27.10218,80.16083,339.02,0.39,0.36,2023-10-08,749,N20,VIIRS,n,2,304.45,2.79,D,0,VIIRS_NOAA20_SP
27.13713,78.95846,330.78,0.39,0.36,2023-10-08,749,N20,VIIRS,l,2,304.15,1.52,D,0,VIIRS_NOAA20_SP
27.15146,79.18217,332.57,0.39,0.36,2023-10-08,749,N20,VIIRS,n,2,307.01,1.54,D,0,VIIRS_NOAA20_SP
27.17577,80.29099,332.06,0.39,0.36,2023-10-08,749,N20,VIIRS,l,2,303.59,1.53,D,0,VIIRS_NOAA20_SP
27.17889,79.05025,331.74,0.39,0.36,2023-10-08,749,N20,VIIRS,l,2,305.15,2.13,D,0,VIIRS_NOAA20_SP
27.19849,72.34979,347.2,0.48,0.48,2023-10-08,749,N20,VIIRS,n,2,311.19,11.44,D,0,VIIRS_NOAA20_SP
27.21584,80.94334,334.26,0.4,0.37,2023-10-08,749,N20,VIIRS,n,2,303.93,2.42,D,0,VIIRS_NOAA20_SP
27.24483,81.19658,331.86,0.4,0.37,2023-10-08,749,N20,VIIRS,n,2,303.68,1.48,D,0,VIIRS_NOAA20_SP
27.45422,78.35844,333.09,0.39,0.36,2023-10-08,749,N20,VIIRS,l,2,305.08,1.28,D,0,VIIRS_NOAA20_SP
27.77583,77.65218,336.01,0.4,0.37,2023-10-08,749,N20,VIIRS,n,2,305.64,1.41,D,0,VIIRS_NOAA20_SP
27.77973,78.43541,333.91,0.39,0.36,2023-10-08,749,N20,VIIRS,n,2,304.07,2.1,D,0,VIIRS_NOAA20_SP
27.78166,80.77953,331.2,0.4,0.37,2023-10-08,749,N20,VIIRS,n,2,301.48,1.47,D,0,VIIRS_NOAA20_SP
27.78722,77.65817,337.12,0.4,0.37,2023-10-08,749,N20,VIIRS,n,2,306.63,2.19,D,0,VIIRS_NOAA20_SP
27.83033,77.40572,330.95,0.41,0.37,2023-10-08,749,N20,VIIRS,l,2,303.72,1.68,D,0,VIIRS_NOAA20_SP
27.8594,78.18813,331.39,0.39,0.36,2023-10-08,749,N20,VIIRS,l,2,305.43,2.04,D,0,VIIRS_NOAA20_SP
27.86007,77.45876,334.95,0.41,0.37,2023-10-08,749,N20,VIIRS,n,2,306.65,5.43,D,0,VIIRS_NOAA20_SP
27.86075,77.46285,348.18,0.41,0.37,2023-10-08,749,N20,VIIRS,n,2,306.77,5.01,D,0,VIIRS_NOAA20_SP
27.86411,77.46214,332.89,0.41,0.37,2023-10-08,749,N20,VIIRS,n,2,305.72,5.01,D,0,VIIRS_NOAA20_SP
27.87085,77.46072,335.55,0.41,0.37,2023-10-08,749,N20,VIIRS,n,2,304.72,7.28,D,0,VIIRS_NOAA20_SP
27.885,77.46196,334.43,0.41,0.37,2023-10-08,749,N20,VIIRS,n,2,303.4,1.27,D,0,VIIRS_NOAA20_SP
27.91879,77.34515,344.37,0.41,0.37,2023-10-08,749,N20,VIIRS,n,2,307.26,10.74,D,0,VIIRS_NOAA20_SP
27.9413,69.79591,340.12,0.33,0.55,2023-10-08,749,N20,VIIRS,n,2,304.26,1.86,D,0,VIIRS_NOAA20_SP
27.95408,77.47337,342.17,0.41,0.37,2023-10-08,749,N20,VIIRS,n,2,308.41,5.0,D,0,VIIRS_NOAA20_SP
27.97224,77.56219,344.36,0.4,0.37,2023-10-08,749,N20,VIIRS,n,2,304.92,3.68,D,0,VIIRS_NOAA20_SP
27.97358,77.5703,336.97,0.4,0.37,2023-10-08,749,N20,VIIRS,n,2,305.51,8.31,D,0,VIIRS_NOAA20_SP
28.03159,77.71294,341.21,0.4,0.37,2023-10-08,749,N20,VIIRS,n,2,305.0,3.5,D,0,VIIRS_NOAA20_SP
28.04016,77.39697,333.39,0.41,0.37,2023-10-08,749,N20,VIIRS,n,2,302.55,3.22,D,0,VIIRS_NOAA20_SP
28.04905,77.53439,334.53,0.4,0.37,2023-10-08,749,N20,VIIRS,n,2,304.05,2.44,D,0,VIIRS_NOAA20_SP
28.05085,69.37102,350.27,0.35,0.57,2023-10-08,749,N20,VIIRS,n,2,306.14,3.63,D,2,VIIRS_NOAA20_SP
28.05285,69.3716,330.6,0.35,0.57,2023-10-08,749,N20,VIIRS,l,2,305.54,3.11,D,2,VIIRS_NOAA20_SP
28.05898,77.36328,338.0,0.41,0.37,2023-10-08,749,N20,VIIRS,n,2,305.89,5.61,D,0,VIIRS_NOAA20_SP
28.1307,77.65141,346.88,0.4,0.37,2023-10-08,749,N20,VIIRS,n,2,305.54,4.68,D,0,VIIRS_NOAA20_SP
28.16908,77.39082,333.68,0.41,0.37,2023-10-08,749,N20,VIIRS,n,2,302.65,2.69,D,0,VIIRS_NOAA20_SP
28.18523,77.38316,330.28,0.41,0.37,2023-10-08,749,N20,VIIRS,n,2,303.14,1.61,D,0,VIIRS_NOAA20_SP
28.1906,77.35231,332.44,0.41,0.37,2023-10-08,749,N20,VIIRS,l,2,304.05,9.57,D,0,VIIRS_NOAA20_SP
28.21561,76.84762,330.85,0.42,0.38,2023-10-08,749,N20,VIIRS,l,2,305.38,1.36,D,0,VIIRS_NOAA20_SP
28.25225,78.04782,333.66,0.39,0.36,2023-10-08,749,N20,VIIRS,n,2,304.63,3.33,D,0,VIIRS_NOAA20_SP
28.26852,76.21818,347.67,0.44,0.38,2023-10-08,749,N20,VIIRS,n,2,305.75,6.92,D,0,VIIRS_NOAA20_SP
28.29349,79.13372,338.27,0.38,0.36,2023-10-08,749,N20,VIIRS,n,2,304.22,3.55,D,0,VIIRS_NOAA20_SP
28.34029,78.8196,331.16,0.39,0.36,2023-10-08,749,N20,VIIRS,l,2,305.91,1.84,D,0,VIIRS_NOAA20_SP
28.35075,77.50583,336.2,0.4,0.37,2023-10-08,749,N20,VIIRS,n,2,302.69,2.92,D,0,VIIRS_NOAA20_SP
28.35411,77.50512,335.37,0.4,0.37,2023-10-08,749,N20,VIIRS,n,2,302.45,2.92,D,0,VIIRS_NOAA20_SP
28.53631,78.63653,330.4,0.39,0.36,2023-10-08,749,N20,VIIRS,l,2,303.08,1.88,D,0,VIIRS_NOAA20_SP
28.54145,80.23585,343.86,0.39,0.36,2023-10-08,749,N20,VIIRS,n,2,301.66,6.09,D,0,VIIRS_NOAA20_SP
28.54582,78.61045,330.72,0.39,0.36,2023-10-08,749,N20,VIIRS,n,2,302.7,2.51,D,0,VIIRS_NOAA20_SP
28.56982,80.03168,340.57,0.39,0.36,2023-10-08,749,N20,VIIRS,n,2,303.2,3.74,D,0,VIIRS_NOAA20_SP
28.56995,80.05595,335.34,0.39,0.36,2023-10-08,749,N20,VIIRS,n,2,301.94,2.18,D,0,VIIRS_NOAA20_SP
28.59339,80.10025,332.39,0.39,0.36,2023-10-08,749,N20,VIIRS,n,2,300.56,1.66,D,0,VIIRS_NOAA20_SP
28.63758,80.00746,333.78,0.39,0.36,2023-10-08,749,N20,VIIRS,n,2,302.19,3.75,D,0,VIIRS_NOAA20_SP
28.65706,78.62502,333.93,0.39,0.36,2023-10-08,749,N20,VIIRS,n,2,305.59,2.3,D,0,VIIRS_NOAA20_SP
28.65779,78.67325,335.29,0.39,0.36,2023-10-08,749,N20,VIIRS,n,2,306.43,1.68,D,0,VIIRS_NOAA20_SP
28.76395,79.94348,333.3,0.39,0.36,2023-10-08,749,N20,VIIRS,n,2,300.32,4.93,D,0,VIIRS_NOAA20_SP
28.77157,79.92585,331.17,0.39,0.36,2023-10-08,749,N20,VIIRS,n,2,302.05,1.55,D,0,VIIRS_NOAA20_SP
28.77661,79.93706,334.44,0.39,0.36,2023-10-08,749,N20,VIIRS,n,2,302.31,3.45,D,0,VIIRS_NOAA20_SP
28.78322,79.93581,341.17,0.39,0.36,2023-10-08,749,N20,VIIRS,n,2,303.04,4.46,D,0,VIIRS_NOAA20_SP
28.78597,79.11032,331.66,0.38,0.36,2023-10-08,749,N20,VIIRS,n,2,303.61,1.86,D,0,VIIRS_NOAA20_SP
28.80547,79.87899,337.81,0.39,0.36,2023-10-08,749,N20,VIIRS,n,2,301.94,3.31,D,0,VIIRS_NOAA20_SP
28.80736,79.31908,332.67,0.38,0.36,2023-10-08,749,N20,VIIRS,n,2,301.53,1.73,D,0,VIIRS_NOAA20_SP
28.81959,77.23934,330.49,0.41,0.37,2023-10-08,749,N20,VIIRS,l,2,304.75,1.85,D,0,VIIRS_NOAA20_SP
28.82602,76.58302,347.7,0.42,0.38,2023-10-08,749,N20,VIIRS,n,2,303.46,7.43,D,0,VIIRS_NOAA20_SP
28.84014,79.35696,336.24,0.38,0.36,2023-10-08,749,N20,VIIRS,n,2,303.98,3.41,D,0,VIIRS_NOAA20_SP
28.84409,79.86424,330.06,0.39,0.36,2023-10-08,749,N20,VIIRS,l,2,302.61,2.26,D,0,VIIRS_NOAA20_SP
28.84578,79.78297,330.27,0.39,0.36,2023-10-08,749,N20,VIIRS,n,2,296.55,2.25,D,0,VIIRS_NOAA20_SP
28.84908,79.78236,351.13,0.39,0.36,2023-10-08,749,N20,VIIRS,n,2,303.07,18.16,D,0,VIIRS_NOAA20_SP
28.84966,79.78629,340.81,0.39,0.36,2023-10-08,749,N20,VIIRS,n,2,299.05,9.32,D,0,VIIRS_NOAA20_SP
28.85181,79.77779,331.44,0.39,0.36,2023-10-08,749,N20,VIIRS,l,2,302.87,18.16,D,0,VIIRS_NOAA20_SP
28.85239,79.78172,348.22,0.39,0.36,2023-10-08,749,N20,VIIRS,n,2,312.86,18.16,D,0,VIIRS_NOAA20_SP
28.85296,79.78567,354.4,0.39,0.36,2023-10-08,749,N20,VIIRS,n,2,301.16,9.32,D,0,VIIRS_NOAA20_SP
28.85458,79.86631,333.99,0.39,0.36,2023-10-08,749,N20,VIIRS,n,2,303.4,2.16,D,0,VIIRS_NOAA20_SP
28.85511,79.77717,335.61,0.39,0.36,2023-10-08,749,N20,VIIRS,l,2,309.85,25.61,D,0,VIIRS_NOAA20_SP
28.85568,79.78111,355.58,0.39,0.36,2023-10-08,749,N20,VIIRS,n,2,305.99,25.61,D,0,VIIRS_NOAA20_SP
28.85627,79.78503,353.68,0.39,0.36,2023-10-08,749,N20,VIIRS,n,2,306.19,17.69,D,0,VIIRS_NOAA20_SP
28.85684,79.78896,345.39,0.39,0.36,2023-10-08,749,N20,VIIRS,n,2,302.22,17.69,D,0,VIIRS_NOAA20_SP
28.85899,79.78048,340.83,0.39,0.36,2023-10-08,749,N20,VIIRS,n,2,314.07,25.61,D,0,VIIRS_NOAA20_SP
28.86229,79.77985,341.66,0.39,0.36,2023-10-08,749,N20,VIIRS,n,2,302.76,4.55,D,0,VIIRS_NOAA20_SP
28.87207,79.45551,333.82,0.38,0.36,2023-10-08,749,N20,VIIRS,n,2,302.48,1.77,D,0,VIIRS_NOAA20_SP
28.87451,79.79372,335.2,0.39,0.36,2023-10-08,749,N20,VIIRS,n,2,302.85,7.34,D,0,VIIRS_NOAA20_SP
28.8777,79.47053,340.9,0.38,0.36,2023-10-08,749,N20,VIIRS,n,2,302.27,4.44,D,0,VIIRS_NOAA20_SP
28.87802,79.91055,335.12,0.39,0.36,2023-10-08,749,N20,VIIRS,n,2,302.88,2.47,D,0,VIIRS_NOAA20_SP
28.87838,79.79704,338.93,0.39,0.36,2023-10-08,749,N20,VIIRS,n,2,303.85,4.89,D,0,VIIRS_NOAA20_SP
28.88238,79.20819,337.13,0.38,0.36,2023-10-08,749,N20,VIIRS,n,2,303.95,3.74,D,0,VIIRS_NOAA20_SP
28.89843,79.91077,330.51,0.39,0.36,2023-10-08,749,N20,VIIRS,l,2,301.38,1.87,D,0,VIIRS_NOAA20_SP
28.90074,79.46609,332.42,0.38,0.36,2023-10-08,749,N20,VIIRS,n,2,302.9,2.31,D,0,VIIRS_NOAA20_SP
28.914,79.35088,338.86,0.38,0.36,2023-10-08,749,N20,VIIRS,n,2,302.69,3.92,D,0,VIIRS_NOAA20_SP
28.9172,79.46293,335.63,0.38,0.36,2023-10-08,749,N20,VIIRS,n,2,302.96,7.52,D,0,VIIRS_NOAA20_SP
28.91729,79.35024,332.74,0.38,0.36,2023-10-08,749,N20,VIIRS,n,2,300.81,3.92,D,0,VIIRS_NOAA20_SP
28.95414,79.75863,337.43,0.39,0.36,2023-10-08,749,N20,VIIRS,n,2,302.21,3.8,D,0,VIIRS_NOAA20_SP
28.9595,79.9117,340.93,0.39,0.36,2023-10-08,749,N20,VIIRS,n,2,304.01,6.79,D,0,VIIRS_NOAA20_SP
28.97179,79.76337,334.58,0.39,0.36,2023-10-08,749,N20,VIIRS,n,2,302.05,3.65,D,0,VIIRS_NOAA20_SP
28.97478,77.19494,342.61,0.41,0.37,2023-10-08,749,N20,VIIRS,n,2,303.82,4.4,D,0,VIIRS_NOAA20_SP
28.98023,76.89268,339.04,0.41,0.37,2023-10-08,749,N20,VIIRS,n,2,303.18,3.16,D,0,VIIRS_NOAA20_SP
28.98871,79.73993,334.9,0.39,0.36,2023-10-08,749,N20,VIIRS,n,2,303.28,2.44,D,0,VIIRS_NOAA20_SP
28.99647,79.74655,333.21,0.39,0.36,2023-10-08,749,N20,VIIRS,n,2,301.94,4.01,D,0,VIIRS_NOAA20_SP
29.04133,77.0232,340.24,0.41,0.37,2023-10-08,749,N20,VIIRS,n,2,308.46,4.92,D,0,VIIRS_NOAA20_SP
29.05386,79.19487,330.22,0.38,0.36,2023-10-08,749,N20,VIIRS,n,2,303.15,1.28,D,0,VIIRS_NOAA20_SP
29.06079,77.13906,331.4,0.41,0.37,2023-10-08,749,N20,VIIRS,l,2,305.59,1.92,D,0,VIIRS_NOAA20_SP
29.07049,75.92747,335.34,0.44,0.39,2023-10-08,749,N20,VIIRS,n,2,303.69,3.54,D,0,VIIRS_NOAA20_SP
29.09135,77.02956,332.97,0.41,0.37,2023-10-08,749,N20,VIIRS,l,2,304.7,2.11,D,0,VIIRS_NOAA20_SP
29.15073,76.71257,332.72,0.42,0.37,2023-10-08,749,N20,VIIRS,n,2,301.45,1.71,D,0,VIIRS_NOAA20_SP
29.15532,76.98981,334.52,0.41,0.37,2023-10-08,749,N20,VIIRS,n,2,304.38,3.84,D,0,VIIRS_NOAA20_SP
29.22338,76.91137,332.15,0.41,0.37,2023-10-08,749,N20,VIIRS,n,2,301.37,2.07,D,0,VIIRS_NOAA20_SP
29.22629,76.76292,331.5,0.41,0.37,2023-10-08,749,N20,VIIRS,n,2,300.6,3.93,D,0,VIIRS_NOAA20_SP
29.23146,76.81411,337.73,0.41,0.37,2023-10-08,749,N20,VIIRS,n,2,303.32,4.16,D,0,VIIRS_NOAA20_SP
29.29955,76.53191,338.67,0.42,0.38,2023-10-08,749,N20,VIIRS,n,2,303.05,3.94,D,0,VIIRS_NOAA20_SP
29.31244,76.03792,339.51,0.44,0.38,2023-10-08,749,N20,VIIRS,n,2,305.11,5.2,D,0,VIIRS_NOAA20_SP
29.32062,77.03241,333.94,0.41,0.37,2023-10-08,749,N20,VIIRS,n,2,302.39,2.39,D,0,VIIRS_NOAA20_SP
29.3514,75.9921,334.76,0.44,0.38,2023-10-08,749,N20,VIIRS,n,2,302.62,3.74,D,0,VIIRS_NOAA20_SP
29.3626,75.99417,342.79,0.44,0.38,2023-10-08,749,N20,VIIRS,n,2,303.94,4.03,D,0,VIIRS_NOAA20_SP
29.38724,74.90359,332.0,0.48,0.4,2023-10-08,749,N20,VIIRS,l,2,305.13,2.67,D,0,VIIRS_NOAA20_SP
29.39715,75.7958,330.31,0.44,0.39,2023-10-08,749,N20,VIIRS,l,2,304.58,1.48,D,0,VIIRS_NOAA20_SP
29.40048,76.46193,331.25,0.42,0.38,2023-10-08,749,N20,VIIRS,l,2,302.77,1.93,D,0,VIIRS_NOAA20_SP
29.43229,76.01579,336.17,0.44,0.38,2023-10-08,749,N20,VIIRS,n,2,304.2,3.63,D,0,VIIRS_NOAA20_SP
29.4549,75.62827,340.03,0.45,0.39,2023-10-08,749,N20,VIIRS,n,2,303.67,3.63,D,0,VIIRS_NOAA20_SP
29.46608,75.77241,335.12,0.44,0.39,2023-10-08,749,N20,VIIRS,n,2,303.63,1.94,D,0,VIIRS_NOAA20_SP
29.47323,75.42188,331.92,0.46,0.39,2023-10-08,749,N20,VIIRS,n,2,303.67,2.44,D,0,VIIRS_NOAA20_SP
29.47548,75.97359,335.3,0.44,0.38,2023-10-08,749,N20,VIIRS,n,2,303.32,2.09,D,0,VIIRS_NOAA20_SP
29.49859,74.52705,331.56,0.5,0.41,2023-10-08,749,N20,VIIRS,n,2,301.14,2.57,D,0,VIIRS_NOAA20_SP
29.51263,77.14642,332.4,0.4,0.37,2023-10-08,749,N20,VIIRS,n,2,303.38,1.95,D,0,VIIRS_NOAA20_SP
29.51326,76.44141,333.94,0.42,0.38,2023-10-08,749,N20,VIIRS,n,2,302.72,2.79,D,0,VIIRS_NOAA20_SP
29.51369,76.9017,334.94,0.41,0.37,2023-10-08,749,N20,VIIRS,l,2,305.91,3.31,D,0,VIIRS_NOAA20_SP
29.526,76.06964,334.11,0.43,0.38,2023-10-08,749,N20,VIIRS,n,2,303.03,2.99,D,0,VIIRS_NOAA20_SP
29.52946,76.06886,333.13,0.43,0.38,2023-10-08,749,N20,VIIRS,n,2,302.83,2.99,D,0,VIIRS_NOAA20_SP
29.53886,76.34176,333.82,0.42,0.38,2023-10-08,749,N20,VIIRS,n,2,303.57,7.12,D,0,VIIRS_NOAA20_SP
29.54168,75.35892,337.03,0.46,0.39,2023-10-08,749,N20,VIIRS,n,2,301.97,6.6,D,0,VIIRS_NOAA20_SP
29.58324,76.08865,334.53,0.43,0.38,2023-10-08,749,N20,VIIRS,n,2,303.29,3.05,D,0,VIIRS_NOAA20_SP
29.59104,75.92573,332.41,0.44,0.38,2023-10-08,749,N20,VIIRS,n,2,302.64,2.45,D,0,VIIRS_NOAA20_SP
29.60254,75.25379,332.7,0.46,0.39,2023-10-08,749,N20,VIIRS,n,2,301.4,2.43,D,0,VIIRS_NOAA20_SP
29.61817,76.01315,332.77,0.43,0.38,2023-10-08,749,N20,VIIRS,n,2,302.15,0.99,D,0,VIIRS_NOAA20_SP
29.62446,75.9055,336.76,0.44,0.38,2023-10-08,749,N20,VIIRS,n,2,303.88,4.22,D,0,VIIRS_NOAA20_SP
29.64412,75.17477,332.57,0.47,0.4,2023-10-08,749,N20,VIIRS,n,2,302.15,3.13,D,0,VIIRS_NOAA20_SP
29.64465,76.52883,332.52,0.42,0.38,2023-10-08,749,N20,VIIRS,n,2,302.75,2.64,D,0,VIIRS_NOAA20_SP
29.66473,76.0117,333.36,0.43,0.38,2023-10-08,749,N20,VIIRS,n,2,301.56,1.33,D,0,VIIRS_NOAA20_SP
29.67043,75.89957,333.16,0.44,0.38,2023-10-08,749,N20,VIIRS,n,2,302.45,3.84,D,0,VIIRS_NOAA20_SP
29.69547,75.76978,341.92,0.44,0.39,2023-10-08,749,N20,VIIRS,n,2,304.25,5.79,D,0,VIIRS_NOAA20_SP
29.69818,76.34873,334.08,0.42,0.38,2023-10-08,749,N20,VIIRS,n,2,302.01,3.01,D,0,VIIRS_NOAA20_SP
29.69896,75.76897,331.8,0.44,0.39,2023-10-08,749,N20,VIIRS,n,2,302.01,3.23,D,0,VIIRS_NOAA20_SP
29.70564,75.41499,343.97,0.46,0.39,2023-10-08,749,N20,VIIRS,n,2,300.66,6.68,D,0,VIIRS_NOAA20_SP
29.73028,76.45299,332.82,0.42,0.38,2023-10-08,749,N20,VIIRS,n,2,301.43,3.12,D,0,VIIRS_NOAA20_SP
29.74412,76.34732,332.95,0.42,0.38,2023-10-08,749,N20,VIIRS,n,2,302.92,3.43,D,0,VIIRS_NOAA20_SP
29.75502,76.89309,334.47,0.41,0.37,2023-10-08,749,N20,VIIRS,n,2,302.87,18.21,D,0,VIIRS_NOAA20_SP
29.75531,76.00652,333.86,0.43,0.38,2023-10-08,749,N20,VIIRS,n,2,302.05,3.09,D,0,VIIRS_NOAA20_SP
29.77414,76.05261,332.38,0.43,0.38,2023-10-08,749,N20,VIIRS,n,2,301.34,2.41,D,0,VIIRS_NOAA20_SP
29.77425,77.00931,337.5,0.4,0.37,2023-10-08,749,N20,VIIRS,n,2,303.19,3.65,D,0,VIIRS_NOAA20_SP
29.78287,75.52376,339.23,0.45,0.39,2023-10-08,749,N20,VIIRS,n,2,302.05,3.95,D,0,VIIRS_NOAA20_SP
29.79131,75.12849,330.09,0.47,0.4,2023-10-08,749,N20,VIIRS,n,2,303.09,7.58,D,0,VIIRS_NOAA20_SP
29.79218,75.13325,334.42,0.47,0.4,2023-10-08,749,N20,VIIRS,n,2,302.38,7.58,D,0,VIIRS_NOAA20_SP
29.79541,75.63506,336.1,0.45,0.39,2023-10-08,749,N20,VIIRS,n,2,301.55,3.82,D,0,VIIRS_NOAA20_SP
29.79872,76.54389,331.31,0.42,0.37,2023-10-08,749,N20,VIIRS,l,2,303.52,2.15,D,0,VIIRS_NOAA20_SP
29.81312,76.85943,330.9,0.41,0.37,2023-10-08,749,N20,VIIRS,n,2,304.4,4.1,D,0,VIIRS_NOAA20_SP
29.81487,76.18436,334.66,0.43,0.38,2023-10-08,749,N20,VIIRS,n,2,301.88,4.06,D,0,VIIRS_NOAA20_SP
29.81648,76.85868,343.44,0.41,0.37,2023-10-08,749,N20,VIIRS,n,2,303.28,4.1,D,0,VIIRS_NOAA20_SP
29.8172,78.03694,333.81,0.39,0.36,2023-10-08,749,N20,VIIRS,n,2,303.56,2.34,D,0,VIIRS_NOAA20_SP
29.82293,76.16895,333.61,0.43,0.38,2023-10-08,749,N20,VIIRS,n,2,302.42,4.55,D,0,VIIRS_NOAA20_SP
29.90495,76.69267,335.17,0.41,0.37,2023-10-08,749,N20,VIIRS,n,2,304.76,4.64,D,0,VIIRS_NOAA20_SP
29.90714,76.31311,335.13,0.42,0.38,2023-10-08,749,N20,VIIRS,n,2,303.69,4.65,D,0,VIIRS_NOAA20_SP
29.92126,76.81079,333.25,0.41,0.37,2023-10-08,749,N20,VIIRS,n,2,303.18,2.64,D,0,VIIRS_NOAA20_SP
29.93541,76.02152,343.5,0.43,0.38,2023-10-08,749,N20,VIIRS,n,2,301.59,6.94,D,0,VIIRS_NOAA20_SP
29.93716,76.88509,337.14,0.41,0.37,2023-10-08,749,N20,VIIRS,n,2,304.77,3.55,D,0,VIIRS_NOAA20_SP
29.95927,75.71583,335.84,0.44,0.38,2023-10-08,749,N20,VIIRS,n,2,301.56,4.99,D,0,VIIRS_NOAA20_SP
29.96065,75.97077,335.32,0.43,0.38,2023-10-08,749,N20,VIIRS,n,2,300.43,5.86,D,0,VIIRS_NOAA20_SP
29.9641,75.96998,340.08,0.43,0.38,2023-10-08,749,N20,VIIRS,n,2,300.44,5.86,D,0,VIIRS_NOAA20_SP
29.96822,75.89071,345.87,0.44,0.38,2023-10-08,749,N20,VIIRS,n,2,302.51,4.55,D,0,VIIRS_NOAA20_SP
29.9882,77.10956,330.92,0.4,0.37,2023-10-08,749,N20,VIIRS,l,2,302.77,4.48,D,0,VIIRS_NOAA20_SP
30.02203,75.99335,340.1,0.43,0.38,2023-10-08,749,N20,VIIRS,n,2,302.24,8.66,D,0,VIIRS_NOAA20_SP
30.0299,76.53466,335.38,0.41,0.37,2023-10-08,749,N20,VIIRS,n,2,303.44,3.18,D,0,VIIRS_NOAA20_SP
30.03032,76.53843,331.53,0.41,0.37,2023-10-08,749,N20,VIIRS,l,2,302.66,2.92,D,0,VIIRS_NOAA20_SP
30.08637,77.19082,334.82,0.4,0.37,2023-10-08,749,N20,VIIRS,n,2,304.27,8.03,D,0,VIIRS_NOAA20_SP
30.13301,76.81276,333.2,0.41,0.37,2023-10-08,749,N20,VIIRS,n,2,303.2,2.69,D,0,VIIRS_NOAA20_SP
30.18331,77.34734,336.97,0.4,0.37,2023-10-08,749,N20,VIIRS,n,2,303.88,4.13,D,0,VIIRS_NOAA20_SP
30.18601,76.94324,335.85,0.4,0.37,2023-10-08,749,N20,VIIRS,n,2,303.32,1.85,D,0,VIIRS_NOAA20_SP
30.18846,77.12637,339.5,0.4,0.37,2023-10-08,749,N20,VIIRS,n,2,304.75,6.96,D,0,VIIRS_NOAA20_SP
30.1921,76.95907,339.6,0.4,0.37,2023-10-08,749,N20,VIIRS,n,2,304.26,3.16,D,0,VIIRS_NOAA20_SP
30.20095,77.01279,331.74,0.4,0.37,2023-10-08,749,N20,VIIRS,n,2,303.17,1.49,D,0,VIIRS_NOAA20_SP
30.21234,77.01884,341.41,0.4,0.37,2023-10-08,749,N20,VIIRS,n,2,305.13,3.85,D,0,VIIRS_NOAA20_SP
30.23119,77.11279,346.63,0.4,0.37,2023-10-08,749,N20,VIIRS,n,2,306.94,6.29,D,0,VIIRS_NOAA20_SP
30.23989,77.22965,335.6,0.4,0.37,2023-10-08,749,N20,VIIRS,n,2,306.53,7.1,D,0,VIIRS_NOAA20_SP
30.24589,77.20296,336.61,0.4,0.37,2023-10-08,749,N20,VIIRS,n,2,305.22,3.5,D,0,VIIRS_NOAA20_SP
29.04618,69.39606,345.61,0.33,0.55,2023-10-08,750,N20,VIIRS,n,2,314.06,3.66,D,0,VIIRS_NOAA20_SP
29.04671,69.39614,348.22,0.33,0.55,2023-10-08,750,N20,VIIRS,n,2,314.67,2.26,D,0,VIIRS_NOAA20_SP
29.28044,68.00132,355.33,0.4,0.6,2023-10-08,750,N20,VIIRS,n,2,315.02,4.02,D,0,VIIRS_NOAA20_SP
29.28202,68.00118,367.0,0.39,0.6,2023-10-08,750,N20,VIIRS,h,2,315.8,6.3,D,0,VIIRS_NOAA20_SP
29.90597,72.19486,336.61,0.44,0.46,2023-10-08,750,N20,VIIRS,n,2,301.63,2.17,D,0,VIIRS_NOAA20_SP
29.91919,70.83673,340.64,0.52,0.5,2023-10-08,750,N20,VIIRS,n,2,300.95,6.77,D,0,VIIRS_NOAA20_SP
29.92337,70.83801,337.85,0.52,0.5,2023-10-08,750,N20,VIIRS,n,2,299.99,6.18,D,0,VIIRS_NOAA20_SP
29.97663,71.28733,331.19,0.49,0.48,2023-10-08,750,N20,VIIRS,n,2,297.49,2.15,D,0,VIIRS_NOAA20_SP
30.0659,73.22508,331.01,0.57,0.43,2023-10-08,750,N20,VIIRS,n,2,300.77,2.75,D,0,VIIRS_NOAA20_SP
30.07725,73.24516,330.68,0.57,0.43,2023-10-08,750,N20,VIIRS,l,2,301.72,2.39,D,0,VIIRS_NOAA20_SP
30.0782,73.24627,338.06,0.57,0.43,2023-10-08,750,N20,VIIRS,n,2,301.07,6.18,D,0,VIIRS_NOAA20_SP
30.09433,75.55093,332.02,0.45,0.39,2023-10-08,750,N20,VIIRS,n,2,299.98,3.38,D,0,VIIRS_NOAA20_SP
30.09873,76.17699,337.43,0.42,0.38,2023-10-08,750,N20,VIIRS,n,2,302.41,7.56,D,0,VIIRS_NOAA20_SP
30.10535,75.78144,337.75,0.44,0.38,2023-10-08,750,N20,VIIRS,n,2,306.16,24.81,D,0,VIIRS_NOAA20_SP
30.1608,76.24833,345.07,0.42,0.38,2023-10-08,750,N20,VIIRS,n,2,304.28,14.02,D,0,VIIRS_NOAA20_SP
30.21364,75.58609,332.09,0.44,0.39,2023-10-08,750,N20,VIIRS,l,2,304.91,15.7,D,0,VIIRS_NOAA20_SP
30.21621,72.89204,355.34,0.39,0.44,2023-10-08,750,N20,VIIRS,n,2,300.64,7.98,D,0,VIIRS_NOAA20_SP
30.22737,77.01618,343.13,0.4,0.37,2023-10-08,750,N20,VIIRS,n,2,305.49,7.18,D,0,VIIRS_NOAA20_SP
30.23838,77.10332,341.8,0.4,0.37,2023-10-08,750,N20,VIIRS,n,2,304.7,2.62,D,0,VIIRS_NOAA20_SP
30.24006,77.00912,336.32,0.4,0.37,2023-10-08,750,N20,VIIRS,n,2,303.98,1.85,D,0,VIIRS_NOAA20_SP
30.24678,76.04958,344.74,0.43,0.38,2023-10-08,750,N20,VIIRS,n,2,304.28,14.32,D,0,VIIRS_NOAA20_SP
30.2628,76.16363,335.17,0.42,0.38,2023-10-08,750,N20,VIIRS,n,2,302.76,2.61,D,0,VIIRS_NOAA20_SP
30.27297,76.26463,334.07,0.42,0.38,2023-10-08,750,N20,VIIRS,n,2,302.82,4.6,D,0,VIIRS_NOAA20_SP
30.28321,76.2623,337.78,0.42,0.38,2023-10-08,750,N20,VIIRS,n,2,304.36,5.84,D,0,VIIRS_NOAA20_SP
30.28666,77.22852,333.17,0.4,0.37,2023-10-08,750,N20,VIIRS,n,2,302.72,5.28,D,0,VIIRS_NOAA20_SP
30.295,76.81651,332.58,0.41,0.37,2023-10-08,750,N20,VIIRS,l,2,303.6,3.89,D,0,VIIRS_NOAA20_SP
30.30003,76.91019,335.69,0.4,0.37,2023-10-08,750,N20,VIIRS,n,2,303.05,3.56,D,0,VIIRS_NOAA20_SP
30.30406,76.42669,337.66,0.42,0.37,2023-10-08,750,N20,VIIRS,n,2,302.03,3.47,D,0,VIIRS_NOAA20_SP
30.31506,77.02258,346.33,0.4,0.37,2023-10-08,750,N20,VIIRS,n,2,306.89,7.52,D,0,VIIRS_NOAA20_SP
30.31899,76.98322,340.24,0.4,0.37,2023-10-08,750,N20,VIIRS,n,2,305.29,3.11,D,0,VIIRS_NOAA20_SP
30.32163,76.34283,332.41,0.42,0.37,2023-10-08,750,N20,VIIRS,n,2,301.09,2.33,D,0,VIIRS_NOAA20_SP
30.32448,77.05891,331.57,0.4,0.37,2023-10-08,750,N20,VIIRS,l,2,302.72,4.89,D,0,VIIRS_NOAA20_SP
30.32706,72.98106,330.57,0.39,0.44,2023-10-08,750,N20,VIIRS,n,2,299.54,1.82,D,0,VIIRS_NOAA20_SP
30.33586,76.24245,331.4,0.42,0.38,2023-10-08,750,N20,VIIRS,n,2,299.03,3.78,D,0,VIIRS_NOAA20_SP
30.3414,76.00623,335.28,0.43,0.38,2023-10-08,750,N20,VIIRS,n,2,300.39,2.46,D,0,VIIRS_NOAA20_SP
30.34484,76.00544,347.06,0.43,0.38,2023-10-08,750,N20,VIIRS,n,2,300.7,8.3,D,0,VIIRS_NOAA20_SP
30.35557,75.98472,337.59,0.43,0.38,2023-10-08,750,N20,VIIRS,n,2,300.95,4.85,D,0,VIIRS_NOAA20_SP
30.35827,71.20553,343.66,0.49,0.48,2023-10-08,750,N20,VIIRS,n,2,302.36,7.67,D,0,VIIRS_NOAA20_SP
30.35915,77.31412,332.91,0.4,0.37,2023-10-08,750,N20,VIIRS,n,2,303.36,4.23,D,0,VIIRS_NOAA20_SP
30.36522,73.42479,334.71,0.55,0.43,2023-10-08,750,N20,VIIRS,n,2,302.02,4.59,D,0,VIIRS_NOAA20_SP
30.3772,77.01,337.34,0.4,0.37,2023-10-08,750,N20,VIIRS,n,2,305.74,2.08,D,0,VIIRS_NOAA20_SP
30.3962,70.47727,335.93,0.53,0.5,2023-10-08,750,N20,VIIRS,n,2,304.88,2.24,D,0,VIIRS_NOAA20_SP
30.39635,76.53468,335.65,0.41,0.37,2023-10-08,750,N20,VIIRS,n,2,301.71,4.62,D,0,VIIRS_NOAA20_SP
30.39658,70.47853,334.62,0.53,0.5,2023-10-08,750,N20,VIIRS,l,2,304.88,3.65,D,0,VIIRS_NOAA20_SP
30.39988,76.16044,339.44,0.42,0.38,2023-10-08,750,N20,VIIRS,n,2,301.35,7.83,D,0,VIIRS_NOAA20_SP
30.40488,77.15718,330.54,0.4,0.37,2023-10-08,750,N20,VIIRS,l,2,303.52,3.29,D,0,VIIRS_NOAA20_SP
30.42883,77.11375,334.11,0.4,0.37,2023-10-08,750,N20,VIIRS,n,2,305.42,3.0,D,0,VIIRS_NOAA20_SP
30.44632,76.70686,335.19,0.41,0.37,2023-10-08,750,N20,VIIRS,l,2,305.44,4.21,D,0,VIIRS_NOAA20_SP
30.4493,75.72101,335.02,0.44,0.38,2023-10-08,750,N20,VIIRS,n,2,301.34,4.59,D,0,VIIRS_NOAA20_SP
30.45838,73.50416,334.59,0.54,0.42,2023-10-08,750,N20,VIIRS,n,2,301.46,5.77,D,0,VIIRS_NOAA20_SP
30.46132,73.50555,332.71,0.54,0.42,2023-10-08,750,N20,VIIRS,n,2,301.39,2.61,D,0,VIIRS_NOAA20_SP
30.46381,73.409,332.23,0.55,0.43,2023-10-08,750,N20,VIIRS,n,2,301.14,2.44,D,0,VIIRS_NOAA20_SP
30.46534,73.31378,336.96,0.56,0.43,2023-10-08,750,N20,VIIRS,n,2,301.57,13.5,D,0,VIIRS_NOAA20_SP
30.48348,73.26122,334.9,0.56,0.43,2023-10-08,750,N20,VIIRS,n,2,301.02,8.95,D,0,VIIRS_NOAA20_SP
30.48681,76.86646,337.32,0.4,0.37,2023-10-08,750,N20,VIIRS,n,2,308.16,3.75,D,0,VIIRS_NOAA20_SP
30.49949,76.70487,336.83,0.41,0.37,2023-10-08,750,N20,VIIRS,n,2,308.44,9.32,D,0,VIIRS_NOAA20_SP
30.50019,76.70905,333.92,0.41,0.37,2023-10-08,750,N20,VIIRS,n,2,304.15,9.32,D,0,VIIRS_NOAA20_SP
30.5062,76.53756,330.84,0.41,0.37,2023-10-08,750,N20,VIIRS,l,2,304.19,2.26,D,0,VIIRS_NOAA20_SP
30.512,73.83556,340.44,0.52,0.42,2023-10-08,750,N20,VIIRS,n,2,301.19,5.32,D,0,VIIRS_NOAA20_SP
30.53004,76.74142,346.4,0.41,0.37,2023-10-08,750,N20,VIIRS,n,2,306.65,9.7,D,0,VIIRS_NOAA20_SP
30.5351,72.96382,341.99,0.39,0.44,2023-10-08,750,N20,VIIRS,n,2,302.54,4.31,D,0,VIIRS_NOAA20_SP
30.53662,76.71828,336.54,0.41,0.37,2023-10-08,750,N20,VIIRS,n,2,309.22,4.77,D,0,VIIRS_NOAA20_SP
30.54184,73.70713,338.12,0.53,0.42,2023-10-08,750,N20,VIIRS,n,2,303.72,4.17,D,0,VIIRS_NOAA20_SP
30.54647,73.81322,343.36,0.52,0.42,2023-10-08,750,N20,VIIRS,n,2,302.64,5.4,D,0,VIIRS_NOAA20_SP
30.55285,77.00303,333.0,0.4,0.37,2023-10-08,750,N20,VIIRS,l,2,307.08,2.43,D,0,VIIRS_NOAA20_SP
30.55667,73.57741,333.63,0.54,0.42,2023-10-08,750,N20,VIIRS,n,2,302.87,3.99,D,0,VIIRS_NOAA20_SP
30.55766,76.26069,334.97,0.42,0.37,2023-10-08,750,N20,VIIRS,n,2,302.17,3.34,D,0,VIIRS_NOAA20_SP
30.56839,76.74154,342.61,0.41,0.37,2023-10-08,750,N20,VIIRS,n,2,306.83,2.56,D,0,VIIRS_NOAA20_SP
30.56981,76.54076,332.15,0.41,0.37,2023-10-08,750,N20,VIIRS,n,2,303.53,2.54,D,0,VIIRS_NOAA20_SP
30.57951,73.49946,338.64,0.54,0.42,2023-10-08,750,N20,VIIRS,n,2,302.78,5.01,D,0,VIIRS_NOAA20_SP
30.57967,72.86503,335.04,0.39,0.44,2023-10-08,750,N20,VIIRS,n,2,302.71,2.78,D,0,VIIRS_NOAA20_SP
30.58107,73.4958,333.98,0.54,0.42,2023-10-08,750,N20,VIIRS,n,2,304.73,8.07,D,0,VIIRS_NOAA20_SP
30.58213,73.50134,335.4,0.54,0.42,2023-10-08,750,N20,VIIRS,n,2,303.55,5.93,D,0,VIIRS_NOAA20_SP
30.58332,73.49847,346.74,0.54,0.42,2023-10-08,750,N20,VIIRS,n,2,303.65,8.5,D,0,VIIRS_NOAA20_SP
30.58483,76.67277,335.52,0.41,0.37,2023-10-08,750,N20,VIIRS,n,2,305.32,3.05,D,0,VIIRS_NOAA20_SP
30.58677,76.78934,338.12,0.4,0.37,2023-10-08,750,N20,VIIRS,n,2,306.12,4.59,D,0,VIIRS_NOAA20_SP
30.58884,73.40355,336.04,0.55,0.42,2023-10-08,750,N20,VIIRS,n,2,303.04,5.56,D,0,VIIRS_NOAA20_SP
30.59246,73.56557,335.84,0.54,0.42,2023-10-08,750,N20,VIIRS,n,2,303.0,8.28,D,0,VIIRS_NOAA20_SP
30.59268,73.40256,341.4,0.55,0.42,2023-10-08,750,N20,VIIRS,n,2,302.9,5.56,D,0,VIIRS_NOAA20_SP
30.5947,73.5676,334.98,0.54,0.42,2023-10-08,750,N20,VIIRS,n,2,302.37,4.06,D,0,VIIRS_NOAA20_SP
30.60576,72.09168,341.28,0.43,0.46,2023-10-08,750,N20,VIIRS,n,2,299.72,3.68,D,0,VIIRS_NOAA20_SP
30.60648,73.59647,340.88,0.53,0.42,2023-10-08,750,N20,VIIRS,n,2,303.61,10.99,D,0,VIIRS_NOAA20_SP
30.61027,73.5955,335.64,0.53,0.42,2023-10-08,750,N20,VIIRS,n,2,301.07,3.49,D,0,VIIRS_NOAA20_SP
30.61076,76.74509,334.99,0.41,0.37,2023-10-08,750,N20,VIIRS,n,2,305.77,2.51,D,0,VIIRS_NOAA20_SP
30.6119,76.74486,332.77,0.4,0.37,2023-10-08,750,N20,VIIRS,n,2,305.26,2.06,D,0,VIIRS_NOAA20_SP
30.61549,73.90722,332.49,0.52,0.41,2023-10-08,750,N20,VIIRS,n,2,303.0,4.28,D,0,VIIRS_NOAA20_SP
30.61757,73.77258,333.29,0.52,0.42,2023-10-08,750,N20,VIIRS,n,2,301.88,2.9,D,0,VIIRS_NOAA20_SP
30.61922,73.90626,337.78,0.52,0.41,2023-10-08,750,N20,VIIRS,n,2,302.23,4.28,D,0,VIIRS_NOAA20_SP
30.6217,73.87787,332.25,0.52,0.41,2023-10-08,750,N20,VIIRS,n,2,301.61,4.07,D,0,VIIRS_NOAA20_SP
30.62458,76.84995,332.38,0.4,0.37,2023-10-08,750,N20,VIIRS,l,2,305.6,1.64,D,0,VIIRS_NOAA20_SP
30.62622,73.53378,331.18,0.54,0.42,2023-10-08,750,N20,VIIRS,n,2,302.01,2.69,D,0,VIIRS_NOAA20_SP
30.63056,72.2355,332.96,0.42,0.45,2023-10-08,750,N20,VIIRS,n,2,299.4,4.34,D,0,VIIRS_NOAA20_SP
30.6306,73.75798,331.1,0.53,0.42,2023-10-08,750,N20,VIIRS,l,2,301.58,4.39,D,0,VIIRS_NOAA20_SP
30.63063,73.51528,337.21,0.54,0.42,2023-10-08,750,N20,VIIRS,n,2,302.4,7.24,D,0,VIIRS_NOAA20_SP
30.63253,72.26655,344.6,0.42,0.45,2023-10-08,750,N20,VIIRS,n,2,301.93,5.5,D,0,VIIRS_NOAA20_SP
30.63444,73.5143,343.36,0.54,0.42,2023-10-08,750,N20,VIIRS,n,2,303.39,9.74,D,0,VIIRS_NOAA20_SP
30.63665,73.79018,346.04,0.52,0.42,2023-10-08,750,N20,VIIRS,n,2,300.46,5.69,D,0,VIIRS_NOAA20_SP
30.64015,72.98178,334.83,0.38,0.43,2023-10-08,750,N20,VIIRS,n,2,300.02,3.45,D,0,VIIRS_NOAA20_SP
30.64049,73.79208,334.6,0.52,0.42,2023-10-08,750,N20,VIIRS,n,2,301.64,10.45,D,0,VIIRS_NOAA20_SP
30.65278,76.53099,333.17,0.41,0.37,2023-10-08,750,N20,VIIRS,n,2,303.54,1.49,D,0,VIIRS_NOAA20_SP
30.66407,73.85316,344.76,0.52,0.41,2023-10-08,750,N20,VIIRS,n,2,302.72,18.82,D,0,VIIRS_NOAA20_SP
30.68173,76.51567,333.37,0.41,0.37,2023-10-08,750,N20,VIIRS,n,2,303.26,2.37,D,0,VIIRS_NOAA20_SP
30.68267,76.51675,332.49,0.41,0.37,2023-10-08,750,N20,VIIRS,n,2,302.92,2.02,D,0,VIIRS_NOAA20_SP
30.71828,73.91151,343.06,0.51,0.41,2023-10-08,750,N20,VIIRS,n,2,302.87,8.73,D,0,VIIRS_NOAA20_SP
30.72892,74.02958,336.69,0.51,0.41,2023-10-08,750,N20,VIIRS,n,2,301.71,2.95,D,0,VIIRS_NOAA20_SP
30.73538,74.6329,330.19,0.48,0.4,2023-10-08,750,N20,VIIRS,n,2,301.94,3.04,D,0,VIIRS_NOAA20_SP
30.74977,73.62605,336.11,0.53,0.42,2023-10-08,750,N20,VIIRS,n,2,305.29,12.25,D,0,VIIRS_NOAA20_SP
30.75052,73.83431,345.76,0.52,0.41,2023-10-08,750,N20,VIIRS,n,2,305.59,17.15,D,0,VIIRS_NOAA20_SP
30.75115,73.83652,345.76,0.52,0.41,2023-10-08,750,N20,VIIRS,n,2,305.72,23.27,D,0,VIIRS_NOAA20_SP
30.75359,73.85021,331.72,0.52,0.41,2023-10-08,750,N20,VIIRS,l,2,302.08,2.72,D,0,VIIRS_NOAA20_SP
30.77158,76.35658,330.32,0.41,0.37,2023-10-08,750,N20,VIIRS,n,2,302.15,1.51,D,0,VIIRS_NOAA20_SP
30.77188,73.94749,335.97,0.51,0.41,2023-10-08,750,N20,VIIRS,n,2,302.45,4.08,D,0,VIIRS_NOAA20_SP
30.77287,73.95031,335.55,0.51,0.41,2023-10-08,750,N20,VIIRS,n,2,301.36,3.77,D,0,VIIRS_NOAA20_SP
30.80028,74.34906,333.77,0.49,0.4,2023-10-08,750,N20,VIIRS,n,2,300.82,3.24,D,0,VIIRS_NOAA20_SP
30.80105,73.89355,343.75,0.51,0.41,2023-10-08,750,N20,VIIRS,n,2,305.26,24.59,D,0,VIIRS_NOAA20_SP
30.81016,73.73512,330.41,0.52,0.42,2023-10-08,750,N20,VIIRS,n,2,302.17,1.43,D,0,VIIRS_NOAA20_SP
30.81532,73.3763,330.55,0.54,0.42,2023-10-08,750,N20,VIIRS,l,2,303.38,3.23,D,0,VIIRS_NOAA20_SP
30.83555,73.80701,334.79,0.52,0.41,2023-10-08,750,N20,VIIRS,n,2,301.9,5.12,D,0,VIIRS_NOAA20_SP
30.85763,73.94524,333.81,0.51,0.41,2023-10-08,750,N20,VIIRS,n,2,301.8,4.86,D,0,VIIRS_NOAA20_SP
30.89114,76.31297,334.5,0.41,0.37,2023-10-08,750,N20,VIIRS,l,2,304.71,3.66,D,0,VIIRS_NOAA20_SP
30.91458,76.22307,335.68,0.42,0.37,2023-10-08,750,N20,VIIRS,n,2,303.84,11.22,D,0,VIIRS_NOAA20_SP
30.9187,76.22659,340.09,0.42,0.37,2023-10-08,750,N20,VIIRS,n,2,304.6,4.22,D,0,VIIRS_NOAA20_SP
30.95841,74.12389,335.89,0.5,0.41,2023-10-08,750,N20,VIIRS,n,2,301.99,4.62,D,0,VIIRS_NOAA20_SP
30.96239,74.28783,332.61,0.49,0.4,2023-10-08,750,N20,VIIRS,n,2,300.79,2.23,D,0,VIIRS_NOAA20_SP
30.976,74.13555,334.98,0.5,0.41,2023-10-08,750,N20,VIIRS,n,2,301.39,2.82,D,0,VIIRS_NOAA20_SP
30.98744,74.19676,330.07,0.49,0.41,2023-10-08,750,N20,VIIRS,l,2,303.92,3.79,D,0,VIIRS_NOAA20_SP
30.99111,74.19585,335.53,0.49,0.41,2023-10-08,750,N20,VIIRS,n,2,302.68,5.41,D,0,VIIRS_NOAA20_SP
31.00692,74.23966,330.16,0.49,0.4,2023-10-08,750,N20,VIIRS,n,2,301.73,2.85,D,0,VIIRS_NOAA20_SP
31.01808,74.73488,332.0,0.47,0.4,2023-10-08,750,N20,VIIRS,n,2,302.18,5.49,D,0,VIIRS_NOAA20_SP
31.01894,74.73969,331.01,0.47,0.4,2023-10-08,750,N20,VIIRS,n,2,298.57,5.49,D,0,VIIRS_NOAA20_SP
31.02916,74.16234,332.78,0.5,0.41,2023-10-08,750,N20,VIIRS,n,2,301.24,2.86,D,0,VIIRS_NOAA20_SP
31.03975,74.95876,348.9,0.46,0.39,2023-10-08,750,N20,VIIRS,n,2,303.46,25.06,D,0,VIIRS_NOAA20_SP
31.07723,74.35611,332.58,0.48,0.4,2023-10-08,750,N20,VIIRS,n,2,302.05,2.5,D,0,VIIRS_NOAA20_SP
31.11069,74.31115,333.38,0.49,0.4,2023-10-08,750,N20,VIIRS,n,2,301.62,3.99,D,0,VIIRS_NOAA20_SP
31.20277,75.15557,337.55,0.45,0.39,2023-10-08,750,N20,VIIRS,n,2,299.6,5.62,D,0,VIIRS_NOAA20_SP
31.21917,77.74957,346.54,0.39,0.36,2023-10-08,750,N20,VIIRS,n,2,310.85,6.56,D,0,VIIRS_NOAA20_SP
31.25913,75.02242,332.54,0.45,0.39,2023-10-08,750,N20,VIIRS,n,2,301.39,4.26,D,0,VIIRS_NOAA20_SP
31.31044,74.47169,339.88,0.48,0.4,2023-10-08,750,N20,VIIRS,n,2,300.58,6.98,D,0,VIIRS_NOAA20_SP
31.31098,74.47303,342.43,0.48,0.4,2023-10-08,750,N20,VIIRS,n,2,301.31,10.41,D,0,VIIRS_NOAA20_SP
31.32546,74.7817,338.96,0.46,0.39,2023-10-08,750,N20,VIIRS,n,2,301.75,10.32,D,0,VIIRS_NOAA20_SP
31.33436,74.4569,339.93,0.48,0.4,2023-10-08,750,N20,VIIRS,n,2,303.48,7.0,D,0,VIIRS_NOAA20_SP
31.37952,75.08289,336.21,0.45,0.39,2023-10-08,750,N20,VIIRS,n,2,303.72,6.19,D,0,VIIRS_NOAA20_SP
31.38764,73.74036,330.43,0.51,0.41,2023-10-08,750,N20,VIIRS,n,2,299.4,10.94,D,0,VIIRS_NOAA20_SP
31.38764,73.74273,335.02,0.51,0.41,2023-10-08,750,N20,VIIRS,n,2,300.27,11.06,D,0,VIIRS_NOAA20_SP
31.39406,75.3285,332.52,0.44,0.38,2023-10-08,750,N20,VIIRS,n,2,301.63,5.61,D,0,VIIRS_NOAA20_SP
31.39595,74.93362,330.22,0.45,0.39,2023-10-08,750,N20,VIIRS,n,2,301.73,2.08,D,0,VIIRS_NOAA20_SP
31.3963,72.11454,331.74,0.41,0.45,2023-10-08,750,N20,VIIRS,n,2,300.13,2.89,D,0,VIIRS_NOAA20_SP
31.3981,73.69328,341.06,0.51,0.41,2023-10-08,750,N20,VIIRS,n,2,302.58,6.89,D,0,VIIRS_NOAA20_SP
31.40258,74.58289,331.04,0.47,0.4,2023-10-08,750,N20,VIIRS,n,2,300.78,3.04,D,0,VIIRS_NOAA20_SP
31.40266,75.04814,335.78,0.45,0.39,2023-10-08,750,N20,VIIRS,n,2,303.12,5.25,D,0,VIIRS_NOAA20_SP
31.41152,77.58785,333.9,0.39,0.36,2023-10-08,750,N20,VIIRS,n,2,308.29,1.83,D,0,VIIRS_NOAA20_SP
31.41217,77.59193,333.13,0.39,0.36,2023-10-08,750,N20,VIIRS,n,2,305.53,1.83,D,0,VIIRS_NOAA20_SP
31.42574,75.07742,333.22,0.45,0.39,2023-10-08,750,N20,VIIRS,n,2,303.23,2.61,D,0,VIIRS_NOAA20_SP
31.42669,74.59209,330.94,0.47,0.4,2023-10-08,750,N20,VIIRS,n,2,302.9,2.43,D,0,VIIRS_NOAA20_SP
31.43807,75.16602,339.05,0.44,0.39,2023-10-08,750,N20,VIIRS,n,2,302.74,7.39,D,0,VIIRS_NOAA20_SP
31.45058,74.64172,334.69,0.47,0.39,2023-10-08,750,N20,VIIRS,n,2,301.74,3.85,D,0,VIIRS_NOAA20_SP
31.45162,74.63905,332.86,0.47,0.39,2023-10-08,750,N20,VIIRS,n,2,301.68,3.5,D,0,VIIRS_NOAA20_SP
31.45528,75.55339,332.92,0.43,0.38,2023-10-08,750,N20,VIIRS,l,2,303.7,4.73,D,0,VIIRS_NOAA20_SP
31.46758,74.70539,331.69,0.46,0.39,2023-10-08,750,N20,VIIRS,n,2,300.38,2.91,D,0,VIIRS_NOAA20_SP
31.46883,74.00301,330.5,0.5,0.41,2023-10-08,750,N20,VIIRS,n,2,299.9,3.29,D,0,VIIRS_NOAA20_SP
31.48183,75.22726,340.0,0.44,0.38,2023-10-08,750,N20,VIIRS,n,2,302.13,5.83,D,0,VIIRS_NOAA20_SP
31.48434,75.07767,332.62,0.45,0.39,2023-10-08,750,N20,VIIRS,n,2,301.7,2.15,D,0,VIIRS_NOAA20_SP
31.49156,74.87081,334.78,0.46,0.39,2023-10-08,750,N20,VIIRS,n,2,302.9,3.12,D,0,VIIRS_NOAA20_SP
31.49423,75.05105,336.73,0.45,0.39,2023-10-08,750,N20,VIIRS,n,2,302.29,3.26,D,0,VIIRS_NOAA20_SP
31.49717,74.60251,334.91,0.47,0.39,2023-10-08,750,N20,VIIRS,n,2,301.59,7.27,D,0,VIIRS_NOAA20_SP
31.50167,74.58623,342.54,0.47,0.4,2023-10-08,750,N20,VIIRS,n,2,301.31,3.95,D,0,VIIRS_NOAA20_SP
31.50524,74.58533,334.97,0.47,0.4,2023-10-08,750,N20,VIIRS,n,2,300.28,3.95,D,0,VIIRS_NOAA20_SP
31.50602,74.63058,337.48,0.47,0.39,2023-10-08,750,N20,VIIRS,n,2,301.84,3.68,D,0,VIIRS_NOAA20_SP
31.50619,75.07717,333.32,0.45,0.39,2023-10-08,750,N20,VIIRS,n,2,302.11,3.04,D,0,VIIRS_NOAA20_SP
31.51928,74.66249,332.22,0.46,0.39,2023-10-08,750,N20,VIIRS,n,2,300.52,2.68,D,0,VIIRS_NOAA20_SP
31.54357,72.83508,330.34,0.56,0.43,2023-10-08,750,N20,VIIRS,n,2,299.83,4.09,D,0,VIIRS_NOAA20_SP
31.55611,75.19228,335.26,0.44,0.39,2023-10-08,750,N20,VIIRS,n,2,303.55,5.27,D,0,VIIRS_NOAA20_SP
31.56266,74.69682,338.31,0.46,0.39,2023-10-08,750,N20,VIIRS,n,2,302.4,9.07,D,0,VIIRS_NOAA20_SP
31.57176,74.91247,333.8,0.45,0.39,2023-10-08,750,N20,VIIRS,n,2,301.7,2.7,D,0,VIIRS_NOAA20_SP
31.57293,74.75414,345.29,0.46,0.39,2023-10-08,750,N20,VIIRS,n,2,302.76,7.44,D,0,VIIRS_NOAA20_SP
31.57394,75.23093,339.98,0.44,0.38,2023-10-08,750,N20,VIIRS,n,2,307.01,11.3,D,0,VIIRS_NOAA20_SP
31.57526,74.75562,334.42,0.46,0.39,2023-10-08,750,N20,VIIRS,n,2,301.39,5.31,D,0,VIIRS_NOAA20_SP
31.57759,75.0475,334.87,0.45,0.39,2023-10-08,750,N20,VIIRS,n,2,304.18,3.81,D,0,VIIRS_NOAA20_SP
31.5789,74.71488,334.59,0.46,0.39,2023-10-08,750,N20,VIIRS,n,2,304.17,17.7,D,0,VIIRS_NOAA20_SP
31.58245,74.714,336.42,0.46,0.39,2023-10-08,750,N20,VIIRS,n,2,301.45,5.8,D,0,VIIRS_NOAA20_SP
31.58397,74.80305,333.44,0.46,0.39,2023-10-08,750,N20,VIIRS,n,2,301.48,2.11,D,0,VIIRS_NOAA20_SP
31.58424,74.70356,336.48,0.46,0.39,2023-10-08,750,N20,VIIRS,n,2,300.51,4.57,D,0,VIIRS_NOAA20_SP
31.58582,74.80553,332.11,0.46,0.39,2023-10-08,750,N20,VIIRS,n,2,302.23,1.48,D,0,VIIRS_NOAA20_SP
31.59385,74.99499,335.18,0.45,0.39,2023-10-08,750,N20,VIIRS,n,2,304.11,2.9,D,0,VIIRS_NOAA20_SP
31.6019,74.9784,342.68,0.45,0.39,2023-10-08,750,N20,VIIRS,n,2,309.47,14.85,D,0,VIIRS_NOAA20_SP
31.60541,74.97754,333.71,0.45,0.39,2023-10-08,750,N20,VIIRS,l,2,304.74,14.85,D,0,VIIRS_NOAA20_SP
31.60852,74.01875,339.51,0.49,0.4,2023-10-08,750,N20,VIIRS,n,2,299.31,4.65,D,0,VIIRS_NOAA20_SP
31.62211,75.1954,334.24,0.44,0.38,2023-10-08,750,N20,VIIRS,n,2,303.74,3.21,D,0,VIIRS_NOAA20_SP
31.62726,75.05956,338.67,0.45,0.39,2023-10-08,750,N20,VIIRS,n,2,307.35,11.84,D,0,VIIRS_NOAA20_SP
31.64206,75.08186,338.73,0.45,0.39,2023-10-08,750,N20,VIIRS,n,2,305.59,6.8,D,0,VIIRS_NOAA20_SP
31.64238,75.04314,340.5,0.45,0.39,2023-10-08,750,N20,VIIRS,n,2,303.38,4.1,D,0,VIIRS_NOAA20_SP
31.64865,73.77319,333.34,0.5,0.41,2023-10-08,750,N20,VIIRS,n,2,299.54,4.11,D,0,VIIRS_NOAA20_SP
31.65152,74.72678,331.19,0.46,0.39,2023-10-08,750,N20,VIIRS,n,2,301.15,3.03,D,0,VIIRS_NOAA20_SP
31.65389,73.82104,337.47,0.5,0.41,2023-10-08,750,N20,VIIRS,n,2,299.94,8.11,D,0,VIIRS_NOAA20_SP
31.65608,73.50425,330.38,0.52,0.42,2023-10-08,750,N20,VIIRS,n,2,301.48,4.2,D,0,VIIRS_NOAA20_SP
31.66767,73.46159,332.76,0.52,0.42,2023-10-08,750,N20,VIIRS,n,2,299.37,3.92,D,0,VIIRS_NOAA20_SP
31.66787,73.4645,330.25,0.52,0.42,2023-10-08,750,N20,VIIRS,n,2,298.75,1.9,D,0,VIIRS_NOAA20_SP
31.66938,73.88223,330.95,0.5,0.41,2023-10-08,750,N20,VIIRS,n,2,296.28,2.56,D,0,VIIRS_NOAA20_SP
31.67214,75.12746,340.75,0.44,0.39,2023-10-08,750,N20,VIIRS,n,2,303.83,4.84,D,0,VIIRS_NOAA20_SP
31.67749,75.19797,334.23,0.44,0.38,2023-10-08,750,N20,VIIRS,n,2,304.33,4.3,D,0,VIIRS_NOAA20_SP
31.67808,70.76385,332.98,0.48,0.48,2023-10-08,750,N20,VIIRS,n,2,307.25,3.05,D,0,VIIRS_NOAA20_SP
31.67906,75.04385,331.05,0.45,0.39,2023-10-08,750,N20,VIIRS,n,2,304.42,2.26,D,0,VIIRS_NOAA20_SP
31.68656,74.77767,332.47,0.46,0.39,2023-10-08,750,N20,VIIRS,n,2,301.39,2.32,D,0,VIIRS_NOAA20_SP
31.70786,74.95914,331.25,0.45,0.39,2023-10-08,750,N20,VIIRS,n,2,303.96,3.18,D,0,VIIRS_NOAA20_SP
31.70869,74.9638,335.17,0.45,0.39,2023-10-08,750,N20,VIIRS,n,2,304.11,5.76,D,0,VIIRS_NOAA20_SP
31.71275,74.88692,333.73,0.45,0.39,2023-10-08,750,N20,VIIRS,n,2,302.54,3.05,D,0,VIIRS_NOAA20_SP
31.71297,74.88454,335.05,0.45,0.39,2023-10-08,750,N20,VIIRS,n,2,301.52,4.25,D,0,VIIRS_NOAA20_SP
31.7184,74.95654,331.39,0.45,0.39,2023-10-08,750,N20,VIIRS,l,2,303.95,2.2,D,0,VIIRS_NOAA20_SP
31.71872,74.91969,341.69,0.45,0.39,2023-10-08,750,N20,VIIRS,n,2,303.86,4.37,D,0,VIIRS_NOAA20_SP
31.71962,74.92208,336.2,0.45,0.39,2023-10-08,750,N20,VIIRS,n,2,304.29,3.64,D,0,VIIRS_NOAA20_SP
31.72193,75.18239,345.9,0.44,0.38,2023-10-08,750,N20,VIIRS,n,2,305.38,11.94,D,0,VIIRS_NOAA20_SP
31.72235,74.89925,344.02,0.45,0.39,2023-10-08,750,N20,VIIRS,n,2,304.06,17.49,D,0,VIIRS_NOAA20_SP
31.72587,74.89838,343.07,0.45,0.39,2023-10-08,750,N20,VIIRS,n,2,301.55,7.28,D,0,VIIRS_NOAA20_SP
31.72934,74.01728,335.38,0.49,0.4,2023-10-08,750,N20,VIIRS,n,2,300.36,3.06,D,0,VIIRS_NOAA20_SP
31.7326,74.79346,332.92,0.46,0.39,2023-10-08,750,N20,VIIRS,n,2,301.66,1.62,D,0,VIIRS_NOAA20_SP
31.7353,75.01069,341.68,0.45,0.39,2023-10-08,750,N20,VIIRS,n,2,305.45,8.25,D,0,VIIRS_NOAA20_SP
31.73562,75.01282,334.49,0.45,0.39,2023-10-08,750,N20,VIIRS,l,2,304.69,8.57,D,0,VIIRS_NOAA20_SP
31.74352,72.63367,332.36,0.57,0.43,2023-10-08,750,N20,VIIRS,n,2,300.94,2.11,D,0,VIIRS_NOAA20_SP
31.74667,73.5677,331.64,0.51,0.41,2023-10-08,750,N20,VIIRS,n,2,299.06,2.5,D,0,VIIRS_NOAA20_SP
31.74962,74.74467,336.24,0.46,0.39,2023-10-08,750,N20,VIIRS,n,2,302.22,3.73,D,0,VIIRS_NOAA20_SP
31.74978,74.98996,334.71,0.45,0.39,2023-10-08,750,N20,VIIRS,n,2,304.8,3.61,D,0,VIIRS_NOAA20_SP
31.75695,74.96878,338.83,0.45,0.39,2023-10-08,750,N20,VIIRS,n,2,303.09,3.79,D,0,VIIRS_NOAA20_SP
31.75981,75.04559,334.65,0.45,0.39,2023-10-08,750,N20,VIIRS,n,2,306.15,13.12,D,0,VIIRS_NOAA20_SP
31.7603,74.98737,330.89,0.45,0.39,2023-10-08,750,N20,VIIRS,n,2,302.08,1.99,D,0,VIIRS_NOAA20_SP
31.76952,73.6674,346.91,0.51,0.41,2023-10-08,750,N20,VIIRS,n,2,301.25,13.56,D,0,VIIRS_NOAA20_SP
31.77003,73.56717,347.99,0.51,0.41,2023-10-08,750,N20,VIIRS,n,2,304.38,25.26,D,0,VIIRS_NOAA20_SP
31.77423,73.67169,330.82,0.51,0.41,2023-10-08,750,N20,VIIRS,n,2,299.25,3.51,D,0,VIIRS_NOAA20_SP
31.77478,73.95987,335.62,0.49,0.4,2023-10-08,750,N20,VIIRS,n,2,301.64,6.07,D,0,VIIRS_NOAA20_SP
31.77497,74.90587,334.02,0.45,0.39,2023-10-08,750,N20,VIIRS,n,2,301.09,4.88,D,0,VIIRS_NOAA20_SP
31.77716,74.95895,333.26,0.45,0.39,2023-10-08,750,N20,VIIRS,l,2,304.21,3.06,D,0,VIIRS_NOAA20_SP
31.7799,73.53659,337.34,0.52,0.41,2023-10-08,750,N20,VIIRS,n,2,300.44,4.6,D,0,VIIRS_NOAA20_SP
31.78078,74.01174,332.34,0.49,0.4,2023-10-08,750,N20,VIIRS,n,2,300.02,3.24,D,0,VIIRS_NOAA20_SP
31.78418,73.80623,335.81,0.5,0.41,2023-10-08,750,N20,VIIRS,n,2,301.56,4.13,D,0,VIIRS_NOAA20_SP
31.78463,73.68555,346.42,0.51,0.41,2023-10-08,750,N20,VIIRS,n,2,301.51,9.21,D,0,VIIRS_NOAA20_SP
31.78733,73.67932,342.47,0.51,0.41,2023-10-08,750,N20,VIIRS,n,2,299.89,6.42,D,0,VIIRS_NOAA20_SP
31.78833,73.68459,341.53,0.51,0.41,2023-10-08,750,N20,VIIRS,n,2,299.17,6.42,D,0,VIIRS_NOAA20_SP
31.78839,72.31203,344.78,0.4,0.44,2023-10-08,750,N20,VIIRS,n,2,301.49,6.26,D,0,VIIRS_NOAA20_SP
31.79765,75.01215,337.59,0.45,0.39,2023-10-08,750,N20,VIIRS,n,2,303.67,3.82,D,0,VIIRS_NOAA20_SP
31.7988,73.51249,333.83,0.52,0.41,2023-10-08,750,N20,VIIRS,n,2,300.47,4.81,D,0,VIIRS_NOAA20_SP
31.79949,74.45789,332.62,0.47,0.4,2023-10-08,750,N20,VIIRS,n,2,300.91,3.42,D,0,VIIRS_NOAA20_SP
31.79976,74.78372,336.09,0.45,0.39,2023-10-08,750,N20,VIIRS,n,2,301.59,3.2,D,0,VIIRS_NOAA20_SP
31.80018,73.74747,336.31,0.5,0.41,2023-10-08,750,N20,VIIRS,n,2,301.19,4.97,D,0,VIIRS_NOAA20_SP
31.80038,74.46275,332.14,0.47,0.4,2023-10-08,750,N20,VIIRS,n,2,301.76,3.42,D,0,VIIRS_NOAA20_SP
31.80046,73.50082,334.55,0.52,0.41,2023-10-08,750,N20,VIIRS,n,2,299.9,6.86,D,0,VIIRS_NOAA20_SP
31.80075,75.05006,339.48,0.44,0.39,2023-10-08,750,N20,VIIRS,n,2,300.13,3.76,D,0,VIIRS_NOAA20_SP
31.8014,74.78629,333.68,0.46,0.39,2023-10-08,750,N20,VIIRS,n,2,300.88,3.35,D,0,VIIRS_NOAA20_SP
31.80316,73.49449,331.55,0.52,0.41,2023-10-08,750,N20,VIIRS,n,2,299.51,3.16,D,0,VIIRS_NOAA20_SP
31.80704,73.55515,336.34,0.51,0.41,2023-10-08,750,N20,VIIRS,n,2,299.52,5.96,D,0,VIIRS_NOAA20_SP
31.80708,73.61877,336.03,0.51,0.41,2023-10-08,750,N20,VIIRS,n,2,299.76,6.09,D,0,VIIRS_NOAA20_SP
31.80818,73.62168,334.36,0.51,0.41,2023-10-08,750,N20,VIIRS,n,2,301.03,5.15,D,0,VIIRS_NOAA20_SP
31.80846,74.40456,332.88,0.47,0.4,2023-10-08,750,N20,VIIRS,n,2,299.95,4.24,D,0,VIIRS_NOAA20_SP
31.80935,74.40945,335.74,0.47,0.4,2023-10-08,750,N20,VIIRS,n,2,301.1,4.24,D,0,VIIRS_NOAA20_SP
31.81177,73.70602,330.71,0.51,0.41,2023-10-08,750,N20,VIIRS,n,2,298.0,2.62,D,0,VIIRS_NOAA20_SP
31.81294,74.40855,330.29,0.47,0.4,2023-10-08,750,N20,VIIRS,n,2,300.16,4.07,D,0,VIIRS_NOAA20_SP
31.81559,73.80898,333.01,0.5,0.41,2023-10-08,750,N20,VIIRS,n,2,299.8,4.93,D,0,VIIRS_NOAA20_SP
31.82192,74.37552,334.28,0.47,0.4,2023-10-08,750,N20,VIIRS,n,2,300.16,6.49,D,0,VIIRS_NOAA20_SP
31.82738,73.89259,335.12,0.5,0.41,2023-10-08,750,N20,VIIRS,n,2,302.45,3.98,D,0,VIIRS_NOAA20_SP
31.83263,73.75546,335.56,0.5,0.41,2023-10-08,750,N20,VIIRS,n,2,301.51,3.32,D,0,VIIRS_NOAA20_SP
31.83541,74.34641,331.65,0.47,0.4,2023-10-08,750,N20,VIIRS,n,2,301.61,5.12,D,0,VIIRS_NOAA20_SP
31.83565,74.6356,332.72,0.46,0.39,2023-10-08,750,N20,VIIRS,n,2,300.22,5.0,D,0,VIIRS_NOAA20_SP
31.83646,74.34813,331.49,0.47,0.4,2023-10-08,750,N20,VIIRS,n,2,301.35,3.55,D,0,VIIRS_NOAA20_SP
31.83912,74.13963,333.02,0.48,0.4,2023-10-08,750,N20,VIIRS,n,2,300.47,5.19,D,0,VIIRS_NOAA20_SP
31.84543,74.62817,332.52,0.46,0.39,2023-10-08,750,N20,VIIRS,n,2,300.45,2.72,D,0,VIIRS_NOAA20_SP
31.8472,74.12181,336.56,0.48,0.4,2023-10-08,750,N20,VIIRS,n,2,304.54,9.86,D,0,VIIRS_NOAA20_SP
31.85966,73.93008,332.87,0.49,0.4,2023-10-08,750,N20,VIIRS,n,2,300.56,3.62,D,0,VIIRS_NOAA20_SP
31.86636,73.72235,336.9,0.5,0.41,2023-10-08,750,N20,VIIRS,n,2,303.06,7.97,D,0,VIIRS_NOAA20_SP
31.86735,73.72757,331.63,0.5,0.41,2023-10-08,750,N20,VIIRS,n,2,300.62,6.7,D,0,VIIRS_NOAA20_SP
31.8674,73.98416,334.45,0.49,0.4,2023-10-08,750,N20,VIIRS,n,2,301.76,7.65,D,0,VIIRS_NOAA20_SP
31.87004,73.7214,334.72,0.5,0.41,2023-10-08,750,N20,VIIRS,n,2,299.84,7.97,D,0,VIIRS_NOAA20_SP
31.8705,70.82561,337.99,0.47,0.48,2023-10-08,750,N20,VIIRS,n,2,307.9,3.12,D,0,VIIRS_NOAA20_SP
31.87104,73.72662,335.9,0.5,0.41,2023-10-08,750,N20,VIIRS,n,2,300.26,6.7,D,0,VIIRS_NOAA20_SP
31.875,73.74747,331.68,0.5,0.41,2023-10-08,750,N20,VIIRS,n,2,299.71,3.35,D,0,VIIRS_NOAA20_SP
31.87572,73.73087,337.29,0.5,0.41,2023-10-08,750,N20,VIIRS,n,2,300.64,4.56,D,0,VIIRS_NOAA20_SP
31.88092,75.17124,334.71,0.44,0.38,2023-10-08,750,N20,VIIRS,n,2,301.84,3.47,D,0,VIIRS_NOAA20_SP
31.88113,73.57481,334.67,0.51,0.41,2023-10-08,750,N20,VIIRS,n,2,299.48,7.2,D,0,VIIRS_NOAA20_SP
31.88218,74.70876,340.27,0.46,0.39,2023-10-08,750,N20,VIIRS,n,2,302.96,6.2,D,0,VIIRS_NOAA20_SP
31.88347,74.11253,330.67,0.48,0.4,2023-10-08,750,N20,VIIRS,l,2,301.96,4.19,D,0,VIIRS_NOAA20_SP
31.88412,74.92469,335.05,0.45,0.39,2023-10-08,750,N20,VIIRS,n,2,301.99,3.73,D,0,VIIRS_NOAA20_SP
31.88543,73.61814,332.78,0.51,0.41,2023-10-08,750,N20,VIIRS,n,2,299.49,3.24,D,0,VIIRS_NOAA20_SP
31.89106,73.95412,338.6,0.49,0.4,2023-10-08,750,N20,VIIRS,n,2,302.39,4.02,D,0,VIIRS_NOAA20_SP
31.89628,73.59309,336.0,0.51,0.41,2023-10-08,750,N20,VIIRS,n,2,299.04,7.56,D,0,VIIRS_NOAA20_SP
31.89859,74.75917,335.93,0.45,0.39,2023-10-08,750,N20,VIIRS,n,2,303.6,5.51,D,0,VIIRS_NOAA20_SP
31.89999,73.59211,338.76,0.51,0.41,2023-10-08,750,N20,VIIRS,n,2,301.48,7.56,D,0,VIIRS_NOAA20_SP
31.90642,73.58485,332.73,0.51,0.41,2023-10-08,750,N20,VIIRS,n,2,299.15,3.78,D,0,VIIRS_NOAA20_SP
31.90679,73.58285,345.9,0.51,0.41,2023-10-08,750,N20,VIIRS,n,2,301.16,10.57,D,0,VIIRS_NOAA20_SP
31.90811,73.82053,335.68,0.5,0.41,2023-10-08,750,N20,VIIRS,n,2,301.49,8.05,D,0,VIIRS_NOAA20_SP
31.9149,73.85664,340.3,0.5,0.41,2023-10-08,750,N20,VIIRS,n,2,301.94,5.51,D,0,VIIRS_NOAA20_SP
31.91547,74.30753,343.7,0.47,0.4,2023-10-08,750,N20,VIIRS,n,2,301.65,7.18,D,0,VIIRS_NOAA20_SP
31.91586,73.86179,339.74,0.5,0.41,2023-10-08,750,N20,VIIRS,n,2,302.27,5.51,D,0,VIIRS_NOAA20_SP
31.91907,74.30663,349.46,0.47,0.4,2023-10-08,750,N20,VIIRS,n,2,301.66,8.37,D,0,VIIRS_NOAA20_SP
31.93015,73.81482,330.71,0.5,0.41,2023-10-08,750,N20,VIIRS,n,2,300.96,2.97,D,0,VIIRS_NOAA20_SP
31.93483,74.06509,331.39,0.49,0.4,2023-10-08,750,N20,VIIRS,n,2,302.15,2.75,D,0,VIIRS_NOAA20_SP
31.93683,73.71844,334.97,0.5,0.41,2023-10-08,750,N20,VIIRS,n,2,300.48,4.41,D,0,VIIRS_NOAA20_SP
31.93845,73.71452,346.99,0.5,0.41,2023-10-08,750,N20,VIIRS,n,2,301.98,9.4,D,0,VIIRS_NOAA20_SP
31.93942,73.82324,337.45,0.5,0.41,2023-10-08,750,N20,VIIRS,n,2,300.33,7.39,D,0,VIIRS_NOAA20_SP
31.93951,73.71227,332.53,0.5,0.41,2023-10-08,750,N20,VIIRS,n,2,299.44,4.41,D,0,VIIRS_NOAA20_SP
31.94052,73.71748,333.02,0.5,0.41,2023-10-08,750,N20,VIIRS,n,2,299.65,4.41,D,0,VIIRS_NOAA20_SP
31.95421,74.78642,333.1,0.45,0.39,2023-10-08,750,N20,VIIRS,n,2,300.66,3.65,D,0,VIIRS_NOAA20_SP
31.96971,70.71001,343.49,0.48,0.48,2023-10-08,750,N20,VIIRS,n,2,311.88,2.73,D,0,VIIRS_NOAA20_SP
31.98331,73.4316,330.87,0.52,0.41,2023-10-08,750,N20,VIIRS,n,2,299.94,3.16,D,0,VIIRS_NOAA20_SP
31.98388,73.43378,331.09,0.52,0.41,2023-10-08,750,N20,VIIRS,n,2,300.35,3.16,D,0,VIIRS_NOAA20_SP
31.98838,74.41444,337.81,0.47,0.4,2023-10-08,750,N20,VIIRS,n,2,302.79,4.39,D,0,VIIRS_NOAA20_SP
31.99535,73.82294,331.4,0.5,0.41,2023-10-08,750,N20,VIIRS,n,2,301.25,2.8,D,0,VIIRS_NOAA20_SP
31.99546,74.33082,331.79,0.47,0.4,2023-10-08,750,N20,VIIRS,n,2,299.86,3.19,D,0,VIIRS_NOAA20_SP
31.99741,73.9353,330.24,0.49,0.4,2023-10-08,750,N20,VIIRS,l,2,301.39,2.46,D,0,VIIRS_NOAA20_SP
32.00175,74.34462,335.37,0.47,0.4,2023-10-08,750,N20,VIIRS,n,2,301.11,3.22,D,0,VIIRS_NOAA20_SP
32.00202,73.93945,332.18,0.49,0.4,2023-10-08,750,N20,VIIRS,l,2,303.78,3.54,D,0,VIIRS_NOAA20_SP
32.00534,74.34371,330.25,0.47,0.4,2023-10-08,750,N20,VIIRS,n,2,300.58,2.58,D,0,VIIRS_NOAA20_SP
32.01595,73.76879,334.36,0.5,0.41,2023-10-08,750,N20,VIIRS,n,2,300.57,2.26,D,0,VIIRS_NOAA20_SP
32.02502,73.40365,332.96,0.52,0.41,2023-10-08,750,N20,VIIRS,n,2,299.54,4.72,D,0,VIIRS_NOAA20_SP
32.03211,73.54205,342.19,0.51,0.41,2023-10-08,750,N20,VIIRS,n,2,300.02,6.29,D,0,VIIRS_NOAA20_SP
32.03597,73.95737,336.59,0.49,0.4,2023-10-08,750,N20,VIIRS,n,2,302.98,9.71,D,0,VIIRS_NOAA20_SP
32.04438,73.75594,331.8,0.5,0.41,2023-10-08,750,N20,VIIRS,n,2,300.64,2.5,D,0,VIIRS_NOAA20_SP
32.04652,74.36399,338.9,0.47,0.4,2023-10-08,750,N20,VIIRS,n,2,302.8,5.61,D,0,VIIRS_NOAA20_SP
32.05957,73.94061,330.27,0.49,0.4,2023-10-08,750,N20,VIIRS,l,2,301.61,1.7,D,0,VIIRS_NOAA20_SP
32.06282,73.53953,336.5,0.51,0.41,2023-10-08,750,N20,VIIRS,n,2,300.7,8.78,D,0,VIIRS_NOAA20_SP
32.07402,74.34444,331.48,0.47,0.4,2023-10-08,750,N20,VIIRS,n,2,301.53,2.85,D,0,VIIRS_NOAA20_SP
32.08567,73.35181,333.92,0.52,0.42,2023-10-08,750,N20,VIIRS,n,2,299.85,6.02,D,0,VIIRS_NOAA20_SP
32.08618,73.35343,338.83,0.52,0.42,2023-10-08,750,N20,VIIRS,n,2,299.71,4.65,D,0,VIIRS_NOAA20_SP
32.10517,73.90482,341.34,0.49,0.4,2023-10-08,750,N20,VIIRS,n,2,303.03,5.89,D,0,VIIRS_NOAA20_SP
32.10798,74.28448,340.37,0.47,0.4,2023-10-08,750,N20,VIIRS,n,2,300.93,4.33,D,0,VIIRS_NOAA20_SP
32.11612,73.90199,346.27,0.49,0.4,2023-10-08,750,N20,VIIRS,n,2,300.62,6.72,D,0,VIIRS_NOAA20_SP
32.1266,74.54905,336.23,0.46,0.39,2023-10-08,750,N20,VIIRS,n,2,300.36,3.68,D,0,VIIRS_NOAA20_SP
32.15685,74.51128,332.17,0.46,0.39,2023-10-08,750,N20,VIIRS,n,2,299.95,3.51,D,0,VIIRS_NOAA20_SP
32.18092,74.48002,331.31,0.46,0.39,2023-10-08,750,N20,VIIRS,n,2,301.28,2.39,D,0,VIIRS_NOAA20_SP
32.18291,74.48165,338.15,0.46,0.39,2023-10-08,750,N20,VIIRS,n,2,303.15,4.86,D,0,VIIRS_NOAA20_SP
32.18863,73.72467,336.43,0.5,0.41,2023-10-08,750,N20,VIIRS,n,2,301.79,4.42,D,0,VIIRS_NOAA20_SP
32.21775,73.61311,339.29,0.5,0.41,2023-10-08,750,N20,VIIRS,n,2,302.51,9.59,D,0,VIIRS_NOAA20_SP
32.21874,73.61835,331.86,0.5,0.41,2023-10-08,750,N20,VIIRS,n,2,298.13,9.59,D,0,VIIRS_NOAA20_SP
32.22242,73.6995,331.56,0.5,0.41,2023-10-08,750,N20,VIIRS,n,2,301.07,2.59,D,0,VIIRS_NOAA20_SP
32.22554,74.49105,346.29,0.46,0.39,2023-10-08,750,N20,VIIRS,n,2,304.71,8.32,D,0,VIIRS_NOAA20_SP
32.22643,74.49586,336.57,0.46,0.39,2023-10-08,750,N20,VIIRS,n,2,302.68,8.32,D,0,VIIRS_NOAA20_SP
32.22652,74.04629,341.17,0.48,0.4,2023-10-08,750,N20,VIIRS,n,2,302.02,6.25,D,0,VIIRS_NOAA20_SP
32.23497,69.93967,330.48,0.52,0.5,2023-10-08,750,N20,VIIRS,n,2,304.34,1.98,D,0,VIIRS_NOAA20_SP
32.24047,73.85693,333.82,0.49,0.4,2023-10-08,750,N20,VIIRS,n,2,301.74,4.95,D,0,VIIRS_NOAA20_SP
32.25142,73.85409,345.31,0.49,0.4,2023-10-08,750,N20,VIIRS,n,2,301.87,5.45,D,0,VIIRS_NOAA20_SP
32.2739,73.67722,343.31,0.5,0.41,2023-10-08,750,N20,VIIRS,n,2,302.67,5.92,D,0,VIIRS_NOAA20_SP
32.2841,73.83142,346.67,0.49,0.4,2023-10-08,750,N20,VIIRS,n,2,303.41,8.37,D,0,VIIRS_NOAA20_SP
32.28599,73.83434,347.59,0.49,0.4,2023-10-08,750,N20,VIIRS,n,2,303.43,7.66,D,0,VIIRS_NOAA20_SP
32.28921,73.79784,334.34,0.49,0.4,2023-10-08,750,N20,VIIRS,n,2,301.85,3.78,D,0,VIIRS_NOAA20_SP
32.29413,73.98138,341.68,0.48,0.4,2023-10-08,750,N20,VIIRS,n,2,302.68,8.21,D,0,VIIRS_NOAA20_SP
32.30425,74.54401,331.5,0.46,0.39,2023-10-08,750,N20,VIIRS,n,2,301.26,2.22,D,0,VIIRS_NOAA20_SP
32.3051,74.54125,332.57,0.46,0.39,2023-10-08,750,N20,VIIRS,n,2,301.35,2.61,D,0,VIIRS_NOAA20_SP
32.30912,73.8624,339.77,0.49,0.4,2023-10-08,750,N20,VIIRS,n,2,302.54,11.87,D,0,VIIRS_NOAA20_SP
32.32878,74.02694,333.96,0.48,0.4,2023-10-08,750,N20,VIIRS,n,2,300.7,3.14,D,0,VIIRS_NOAA20_SP
32.33223,74.005,332.53,0.48,0.4,2023-10-08,750,N20,VIIRS,n,2,301.05,3.77,D,0,VIIRS_NOAA20_SP
32.33552,73.96191,332.1,0.48,0.4,2023-10-08,750,N20,VIIRS,l,2,302.51,6.09,D,0,VIIRS_NOAA20_SP
32.33647,73.96695,333.42,0.48,0.4,2023-10-08,750,N20,VIIRS,n,2,300.52,6.09,D,0,VIIRS_NOAA20_SP
32.33915,73.96097,338.95,0.48,0.4,2023-10-08,750,N20,VIIRS,n,2,302.92,6.09,D,0,VIIRS_NOAA20_SP
32.43946,74.23745,335.18,0.47,0.4,2023-10-08,750,N20,VIIRS,n,2,303.26,4.46,D,0,VIIRS_NOAA20_SP
32.45594,73.15447,333.92,0.52,0.42,2023-10-08,750,N20,VIIRS,n,2,300.1,3.51,D,0,VIIRS_NOAA20_SP
32.54383,74.81562,337.18,0.44,0.39,2023-10-08,750,N20,VIIRS,n,2,303.55,4.39,D,0,VIIRS_NOAA20_SP
32.57568,70.30153,336.25,0.49,0.49,2023-10-08,750,N20,VIIRS,n,2,302.18,4.07,D,0,VIIRS_NOAA20_SP
32.6049,74.44172,330.18,0.46,0.39,2023-10-08,750,N20,VIIRS,n,2,300.93,2.45,D,0,VIIRS_NOAA20_SP
33.86096,75.19762,340.46,0.42,0.38,2023-10-08,751,N20,VIIRS,n,2,300.97,4.67,D,0,VIIRS_NOAA20_SP
22.92508,70.11075,332.21,0.77,0.78,2023-10-08,928,N20,VIIRS,l,2,302.46,10.46,D,0,VIIRS_NOAA20_SP
23.15018,69.87086,330.9,0.75,0.77,2023-10-08,928,N20,VIIRS,n,2,300.02,3.75,D,0,VIIRS_NOAA20_SP
27.62522,68.39487,334.98,0.66,0.73,2023-10-08,930,N20,VIIRS,n,2,300.95,10.43,D,0,VIIRS_NOAA20_SP
22.35616,96.69929,299.14,0.36,0.57,2023-10-08,1834,N20,VIIRS,n,2,284.04,0.51,N,2,VIIRS_NOAA20_SP
23.98345,97.79281,303.77,0.32,0.54,2023-10-08,1834,N20,VIIRS,n,2,283.09,1.38,N,0,VIIRS_NOAA20_SP
21.59502,96.22723,303.04,0.38,0.58,2023-10-08,1835,N20,VIIRS,n,2,279.54,0.67,N,2,VIIRS_NOAA20_SP
22.16261,96.2415,306.44,0.38,0.59,2023-10-08,1835,N20,VIIRS,n,2,285.41,0.68,N,2,VIIRS_NOAA20_SP
35.99147,94.82996,311.8,0.32,0.55,2023-10-08,2011,N20,VIIRS,n,2,276.74,1.43,N,2,VIIRS_NOAA20_SP
35.99269,94.83122,301.46,0.32,0.55,2023-10-08,2011,N20,VIIRS,n,2,274.37,1.15,N,2,VIIRS_NOAA20_SP
29.26323,91.92576,296.24,0.63,0.54,2023-10-08,2013,N20,VIIRS,n,2,281.88,1.42,N,2,VIIRS_NOAA20_SP
31.09289,77.78601,324.69,0.56,0.43,2023-10-08,2013,N20,VIIRS,n,2,287.17,3.84,N,0,VIIRS_NOAA20_SP
31.09685,77.78629,297.35,0.56,0.43,2023-10-08,2013,N20,VIIRS,n,2,286.31,0.9,N,0,VIIRS_NOAA20_SP
32.29797,70.72598,302.41,0.49,0.65,2023-10-08,2013,N20,VIIRS,n,2,292.18,1.06,N,0,VIIRS_NOAA20_SP
32.88973,71.61504,303.19,0.44,0.62,2023-10-08,2013,N20,VIIRS,n,2,290.7,0.87,N,2,VIIRS_NOAA20_SP
33.81893,72.71848,299.65,0.39,0.59,2023-10-08,2013,N20,VIIRS,n,2,289.51,0.78,N,0,VIIRS_NOAA20_SP
34.09886,73.47433,298.92,0.35,0.57,2023-10-08,2013,N20,VIIRS,n,2,286.69,0.35,N,0,VIIRS_NOAA20_SP
34.09886,73.47459,298.49,0.35,0.57,2023-10-08,2013,N20,VIIRS,n,2,287.0,0.36,N,0,VIIRS_NOAA20_SP
34.11965,74.06179,308.94,0.33,0.55,2023-10-08,2013,N20,VIIRS,n,2,285.97,0.94,N,0,VIIRS_NOAA20_SP
26.7604,83.19993,313.74,0.39,0.36,2023-10-08,2014,N20,VIIRS,n,2,297.78,1.41,N,2,VIIRS_NOAA20_SP
27.4937,83.79023,322.67,0.4,0.37,2023-10-08,2014,N20,VIIRS,n,2,294.08,2.61,N,0,VIIRS_NOAA20_SP
28.05507,69.36304,323.57,0.55,0.68,2023-10-08,2014,N20,VIIRS,n,2,296.11,2.26,N,0,VIIRS_NOAA20_SP
28.05773,69.36414,326.07,0.55,0.68,2023-10-08,2014,N20,VIIRS,n,2,295.95,3.15,N,0,VIIRS_NOAA20_SP
28.2575,80.13637,308.05,0.42,0.37,2023-10-08,2014,N20,VIIRS,n,2,294.97,0.76,N,0,VIIRS_NOAA20_SP
28.27047,79.9912,313.67,0.42,0.38,2023-10-08,2014,N20,VIIRS,n,2,294.94,1.34,N,0,VIIRS_NOAA20_SP
28.27094,79.99265,307.54,0.42,0.38,2023-10-08,2014,N20,VIIRS,n,2,294.55,1.28,N,0,VIIRS_NOAA20_SP
28.74384,76.92747,310.09,0.39,0.44,2023-10-08,2014,N20,VIIRS,n,2,296.06,1.1,N,0,VIIRS_NOAA20_SP
28.77768,79.27451,305.03,0.45,0.39,2023-10-08,2014,N20,VIIRS,n,2,294.78,0.62,N,0,VIIRS_NOAA20_SP
29.12379,75.77782,309.23,0.46,0.47,2023-10-08,2014,N20,VIIRS,n,2,296.05,1.31,N,2,VIIRS_NOAA20_SP
29.57832,76.43256,316.05,0.42,0.45,2023-10-08,2014,N20,VIIRS,n,2,294.12,1.13,N,0,VIIRS_NOAA20_SP
29.65238,69.97679,338.1,0.52,0.67,2023-10-08,2014,N20,VIIRS,n,2,297.41,6.4,N,0,VIIRS_NOAA20_SP
29.65261,69.97301,348.17,0.52,0.67,2023-10-08,2014,N20,VIIRS,n,2,298.7,6.4,N,0,VIIRS_NOAA20_SP
29.65287,69.96886,339.36,0.52,0.67,2023-10-08,2014,N20,VIIRS,n,2,295.43,11.59,N,0,VIIRS_NOAA20_SP
29.65874,69.97413,318.32,0.52,0.67,2023-10-08,2014,N20,VIIRS,n,2,295.92,6.4,N,0,VIIRS_NOAA20_SP
30.18645,69.2097,315.48,0.58,0.7,2023-10-08,2014,N20,VIIRS,n,2,293.02,3.39,N,0,VIIRS_NOAA20_SP
30.18683,69.20209,324.7,0.59,0.7,2023-10-08,2014,N20,VIIRS,n,2,290.96,3.39,N,0,VIIRS_NOAA20_SP
30.19335,69.20143,331.12,0.59,0.7,2023-10-08,2014,N20,VIIRS,n,2,291.38,2.55,N,0,VIIRS_NOAA20_SP
30.19378,69.19281,311.4,0.59,0.7,2023-10-08,2014,N20,VIIRS,n,2,289.1,4.27,N,0,VIIRS_NOAA20_SP
30.19942,69.20949,307.22,0.58,0.7,2023-10-08,2014,N20,VIIRS,n,2,287.54,2.55,N,0,VIIRS_NOAA20_SP
30.19985,69.20115,307.54,0.59,0.7,2023-10-08,2014,N20,VIIRS,n,2,288.3,2.55,N,0,VIIRS_NOAA20_SP
30.20519,69.22329,299.81,0.58,0.7,2023-10-08,2014,N20,VIIRS,n,2,288.27,0.67,N,0,VIIRS_NOAA20_SP
30.21177,69.22132,299.52,0.58,0.7,2023-10-08,2014,N20,VIIRS,n,2,289.02,0.67,N,0,VIIRS_NOAA20_SP
21.62898,92.15121,303.96,0.47,0.64,2023-10-08,2015,N20,VIIRS,n,2,286.24,0.7,N,0,VIIRS_NOAA20_SP
21.62912,92.15221,302.01,0.47,0.64,2023-10-08,2015,N20,VIIRS,n,2,285.94,0.51,N,0,VIIRS_NOAA20_SP
22.05217,88.12524,308.3,0.51,0.5,2023-10-08,2015,N20,VIIRS,n,2,294.32,6.23,N,2,VIIRS_NOAA20_SP
22.05543,88.12315,315.53,0.51,0.5,2023-10-08,2015,N20,VIIRS,n,2,294.65,5.08,N,2,VIIRS_NOAA20_SP
22.21146,84.87731,311.6,0.5,0.41,2023-10-08,2015,N20,VIIRS,n,2,297.36,1.69,N,2,VIIRS_NOAA20_SP
22.21232,84.87257,309.74,0.5,0.41,2023-10-08,2015,N20,VIIRS,n,2,297.02,1.64,N,2,VIIRS_NOAA20_SP
22.21318,84.86784,309.57,0.5,0.41,2023-10-08,2015,N20,VIIRS,n,2,295.78,1.64,N,2,VIIRS_NOAA20_SP
22.21404,84.8631,308.56,0.5,0.41,2023-10-08,2015,N20,VIIRS,n,2,297.75,1.56,N,2,VIIRS_NOAA20_SP
22.21464,84.83869,323.84,0.5,0.41,2023-10-08,2015,N20,VIIRS,n,2,296.45,3.6,N,2,VIIRS_NOAA20_SP
22.22181,84.75711,307.92,0.49,0.4,2023-10-08,2015,N20,VIIRS,n,2,296.38,2.34,N,2,VIIRS_NOAA20_SP
22.36554,87.30225,313.87,0.45,0.47,2023-10-08,2015,N20,VIIRS,n,2,295.47,4.38,N,2,VIIRS_NOAA20_SP
22.37062,87.29892,310.81,0.45,0.47,2023-10-08,2015,N20,VIIRS,n,2,294.6,4.88,N,2,VIIRS_NOAA20_SP
22.37911,87.27847,314.84,0.45,0.47,2023-10-08,2015,N20,VIIRS,n,2,294.5,4.22,N,2,VIIRS_NOAA20_SP
22.59332,85.90297,309.42,0.56,0.43,2023-10-08,2015,N20,VIIRS,n,2,296.3,2.15,N,2,VIIRS_NOAA20_SP
22.78747,86.20308,311.64,0.57,0.43,2023-10-08,2015,N20,VIIRS,n,2,284.83,2.7,N,2,VIIRS_NOAA20_SP
22.78852,86.19764,306.27,0.57,0.43,2023-10-08,2015,N20,VIIRS,n,2,286.65,1.83,N,2,VIIRS_NOAA20_SP
22.79139,86.20396,304.0,0.57,0.43,2023-10-08,2015,N20,VIIRS,n,2,287.61,1.96,N,2,VIIRS_NOAA20_SP
22.79923,86.20579,304.6,0.57,0.43,2023-10-08,2015,N20,VIIRS,n,2,285.82,1.7,N,2,VIIRS_NOAA20_SP
22.80162,86.08724,304.93,0.56,0.43,2023-10-08,2015,N20,VIIRS,n,2,289.34,1.22,N,2,VIIRS_NOAA20_SP
22.87501,86.06416,308.14,0.56,0.43,2023-10-08,2015,N20,VIIRS,n,2,292.02,1.91,N,2,VIIRS_NOAA20_SP
23.16624,82.33942,306.69,0.39,0.37,2023-10-08,2015,N20,VIIRS,n,2,294.75,0.73,N,2,VIIRS_NOAA20_SP
23.16894,82.34386,308.11,0.39,0.37,2023-10-08,2015,N20,VIIRS,n,2,295.29,1.09,N,2,VIIRS_NOAA20_SP
23.55012,87.24506,306.25,0.43,0.46,2023-10-08,2015,N20,VIIRS,n,2,290.46,4.14,N,3,VIIRS_NOAA20_SP
23.5524,87.2438,307.37,0.43,0.46,2023-10-08,2015,N20,VIIRS,n,2,291.13,4.16,N,3,VIIRS_NOAA20_SP
23.55733,87.24068,307.41,0.43,0.46,2023-10-08,2015,N20,VIIRS,n,2,290.99,1.98,N,2,VIIRS_NOAA20_SP
23.55815,87.2366,307.72,0.42,0.46,2023-10-08,2015,N20,VIIRS,n,2,290.69,1.98,N,2,VIIRS_NOAA20_SP
23.60543,87.14996,306.54,0.42,0.45,2023-10-08,2015,N20,VIIRS,n,2,293.79,2.15,N,2,VIIRS_NOAA20_SP
23.61312,86.78669,307.22,0.4,0.44,2023-10-08,2015,N20,VIIRS,n,2,295.73,1.96,N,2,VIIRS_NOAA20_SP
23.61635,86.79166,313.32,0.4,0.44,2023-10-08,2015,N20,VIIRS,n,2,296.17,1.96,N,2,VIIRS_NOAA20_SP
23.62667,86.29029,307.1,0.56,0.43,2023-10-08,2015,N20,VIIRS,n,2,291.21,0.98,N,2,VIIRS_NOAA20_SP
23.6271,86.28873,310.16,0.56,0.43,2023-10-08,2015,N20,VIIRS,n,2,291.24,1.62,N,2,VIIRS_NOAA20_SP
23.63056,86.29115,306.02,0.56,0.43,2023-10-08,2015,N20,VIIRS,n,2,293.12,0.98,N,2,VIIRS_NOAA20_SP
23.631,86.2896,305.18,0.56,0.43,2023-10-08,2015,N20,VIIRS,n,2,291.68,1.15,N,2,VIIRS_NOAA20_SP
23.66791,86.09158,306.66,0.55,0.42,2023-10-08,2015,N20,VIIRS,n,2,293.11,1.24,N,2,VIIRS_NOAA20_SP
23.66873,86.09353,305.2,0.55,0.42,2023-10-08,2015,N20,VIIRS,n,2,293.28,0.93,N,2,VIIRS_NOAA20_SP
23.67843,86.08475,311.25,0.55,0.42,2023-10-08,2015,N20,VIIRS,n,2,294.55,2.2,N,2,VIIRS_NOAA20_SP
23.68025,86.09614,304.06,0.55,0.42,2023-10-08,2015,N20,VIIRS,n,2,293.34,2.88,N,2,VIIRS_NOAA20_SP
23.68126,86.09088,329.91,0.55,0.42,2023-10-08,2015,N20,VIIRS,n,2,293.7,2.88,N,2,VIIRS_NOAA20_SP
23.68327,86.08038,326.79,0.55,0.42,2023-10-08,2015,N20,VIIRS,n,2,293.83,3.75,N,2,VIIRS_NOAA20_SP
23.68405,86.39399,325.9,0.57,0.43,2023-10-08,2015,N20,VIIRS,n,2,294.15,5.23,N,2,VIIRS_NOAA20_SP
23.68507,86.38859,307.79,0.57,0.43,2023-10-08,2015,N20,VIIRS,n,2,291.82,1.98,N,2,VIIRS_NOAA20_SP
23.68647,87.12127,306.7,0.42,0.45,2023-10-08,2015,N20,VIIRS,n,2,293.67,2.68,N,2,VIIRS_NOAA20_SP
23.68898,86.38946,308.74,0.57,0.43,2023-10-08,2015,N20,VIIRS,n,2,293.93,2.06,N,2,VIIRS_NOAA20_SP
23.69055,87.12218,311.93,0.42,0.45,2023-10-08,2015,N20,VIIRS,n,2,294.32,2.14,N,2,VIIRS_NOAA20_SP
23.69127,87.09722,310.65,0.41,0.45,2023-10-08,2015,N20,VIIRS,n,2,294.72,3.81,N,2,VIIRS_NOAA20_SP
23.69223,87.09856,310.91,0.42,0.45,2023-10-08,2015,N20,VIIRS,n,2,294.46,3.71,N,2,VIIRS_NOAA20_SP
23.6925,84.98485,306.14,0.48,0.4,2023-10-08,2015,N20,VIIRS,n,2,294.22,0.56,N,0,VIIRS_NOAA20_SP
23.69295,87.11015,307.52,0.42,0.45,2023-10-08,2015,N20,VIIRS,n,2,294.07,3.31,N,2,VIIRS_NOAA20_SP
23.69463,87.12311,313.84,0.42,0.45,2023-10-08,2015,N20,VIIRS,n,2,294.55,2.14,N,2,VIIRS_NOAA20_SP
23.70063,86.07333,310.79,0.55,0.42,2023-10-08,2015,N20,VIIRS,n,2,293.16,1.52,N,2,VIIRS_NOAA20_SP
23.71899,86.44279,305.65,0.57,0.43,2023-10-08,2015,N20,VIIRS,n,2,289.7,2.85,N,2,VIIRS_NOAA20_SP
23.73253,86.75727,312.12,0.4,0.44,2023-10-08,2015,N20,VIIRS,n,2,290.85,1.94,N,2,VIIRS_NOAA20_SP
23.73717,85.00877,306.34,0.48,0.4,2023-10-08,2015,N20,VIIRS,n,2,295.44,1.77,N,2,VIIRS_NOAA20_SP
23.74779,86.42059,306.1,0.57,0.43,2023-10-08,2015,N20,VIIRS,n,2,288.23,1.3,N,2,VIIRS_NOAA20_SP
23.75877,86.4059,304.37,0.57,0.43,2023-10-08,2015,N20,VIIRS,n,2,287.36,2.06,N,2,VIIRS_NOAA20_SP
23.75981,86.40048,333.55,0.57,0.43,2023-10-08,2015,N20,VIIRS,n,2,289.38,3.54,N,2,VIIRS_NOAA20_SP
23.76085,86.39507,307.54,0.57,0.43,2023-10-08,2015,N20,VIIRS,n,2,289.01,3.54,N,2,VIIRS_NOAA20_SP
23.76476,86.39592,309.88,0.57,0.43,2023-10-08,2015,N20,VIIRS,n,2,290.41,1.52,N,2,VIIRS_NOAA20_SP
23.7658,86.39046,308.27,0.57,0.43,2023-10-08,2015,N20,VIIRS,n,2,289.68,1.51,N,2,VIIRS_NOAA20_SP
23.76685,86.385,304.45,0.57,0.43,2023-10-08,2015,N20,VIIRS,n,2,287.81,1.51,N,2,VIIRS_NOAA20_SP
23.76762,86.40222,307.47,0.57,0.43,2023-10-08,2015,N20,VIIRS,n,2,289.95,1.52,N,2,VIIRS_NOAA20_SP
23.76866,86.39679,306.81,0.57,0.43,2023-10-08,2015,N20,VIIRS,n,2,290.27,1.52,N,2,VIIRS_NOAA20_SP
23.76894,86.37408,308.74,0.56,0.43,2023-10-08,2015,N20,VIIRS,n,2,290.02,2.06,N,2,VIIRS_NOAA20_SP
23.76971,86.39132,306.58,0.57,0.43,2023-10-08,2015,N20,VIIRS,n,2,291.12,1.51,N,2,VIIRS_NOAA20_SP
23.77274,86.2066,306.45,0.55,0.43,2023-10-08,2015,N20,VIIRS,n,2,295.59,1.44,N,2,VIIRS_NOAA20_SP
23.77376,86.20126,311.44,0.55,0.43,2023-10-08,2015,N20,VIIRS,n,2,296.78,2.76,N,2,VIIRS_NOAA20_SP
23.77467,86.38669,318.75,0.57,0.43,2023-10-08,2015,N20,VIIRS,n,2,291.16,2.4,N,2,VIIRS_NOAA20_SP
23.77491,86.36414,306.23,0.56,0.43,2023-10-08,2015,N20,VIIRS,n,2,290.51,1.17,N,2,VIIRS_NOAA20_SP
23.77559,86.21274,306.59,0.55,0.43,2023-10-08,2015,N20,VIIRS,n,2,295.44,2.46,N,2,VIIRS_NOAA20_SP
23.77661,86.20741,314.8,0.55,0.43,2023-10-08,2015,N20,VIIRS,n,2,295.59,2.46,N,2,VIIRS_NOAA20_SP
23.77753,86.39302,310.76,0.57,0.43,2023-10-08,2015,N20,VIIRS,n,2,292.02,2.4,N,2,VIIRS_NOAA20_SP
23.77857,86.38754,313.99,0.57,0.43,2023-10-08,2015,N20,VIIRS,n,2,291.36,2.4,N,2,VIIRS_NOAA20_SP
23.78048,86.20824,328.94,0.55,0.43,2023-10-08,2015,N20,VIIRS,n,2,297.48,2.46,N,2,VIIRS_NOAA20_SP
23.78143,86.39388,326.04,0.57,0.43,2023-10-08,2015,N20,VIIRS,n,2,293.15,5.28,N,2,VIIRS_NOAA20_SP
23.7815,86.2029,306.69,0.55,0.43,2023-10-08,2015,N20,VIIRS,n,2,294.42,2.46,N,2,VIIRS_NOAA20_SP
23.78167,86.3713,310.42,0.56,0.43,2023-10-08,2015,N20,VIIRS,n,2,290.77,1.74,N,2,VIIRS_NOAA20_SP
23.78435,86.20905,313.89,0.55,0.43,2023-10-08,2015,N20,VIIRS,n,2,295.83,1.91,N,2,VIIRS_NOAA20_SP
23.78501,86.3325,307.16,0.56,0.43,2023-10-08,2015,N20,VIIRS,n,2,294.71,3.62,N,2,VIIRS_NOAA20_SP
23.79359,86.35135,334.12,0.56,0.43,2023-10-08,2015,N20,VIIRS,n,2,294.16,6.62,N,2,VIIRS_NOAA20_SP
23.79571,86.23396,309.26,0.55,0.43,2023-10-08,2015,N20,VIIRS,n,2,295.62,1.99,N,2,VIIRS_NOAA20_SP
23.79749,86.35221,306.27,0.56,0.43,2023-10-08,2015,N20,VIIRS,n,2,291.98,2.2,N,2,VIIRS_NOAA20_SP
23.79872,87.04716,307.96,0.41,0.45,2023-10-08,2015,N20,VIIRS,n,2,292.72,3.45,N,2,VIIRS_NOAA20_SP
23.8055,86.33137,317.72,0.56,0.43,2023-10-08,2015,N20,VIIRS,n,2,295.05,2.87,N,2,VIIRS_NOAA20_SP
23.80652,86.32599,307.37,0.56,0.43,2023-10-08,2015,N20,VIIRS,n,2,294.27,2.87,N,2,VIIRS_NOAA20_SP
23.80855,86.31526,309.88,0.56,0.43,2023-10-08,2015,N20,VIIRS,n,2,296.74,3.63,N,2,VIIRS_NOAA20_SP
23.82443,85.49852,312.22,0.51,0.41,2023-10-08,2015,N20,VIIRS,n,2,298.32,2.66,N,2,VIIRS_NOAA20_SP
23.98348,90.64849,306.31,0.34,0.56,2023-10-08,2015,N20,VIIRS,n,2,290.02,1.04,N,0,VIIRS_NOAA20_SP
23.98564,79.49726,305.02,0.4,0.37,2023-10-08,2015,N20,VIIRS,n,2,294.08,0.35,N,0,VIIRS_NOAA20_SP
23.99051,79.39247,315.62,0.41,0.37,2023-10-08,2015,N20,VIIRS,n,2,298.34,1.75,N,2,VIIRS_NOAA20_SP
23.9943,91.11547,309.76,0.36,0.57,2023-10-08,2015,N20,VIIRS,n,2,290.02,1.0,N,0,VIIRS_NOAA20_SP
24.01158,80.52889,309.69,0.39,0.36,2023-10-08,2015,N20,VIIRS,n,2,297.01,0.92,N,0,VIIRS_NOAA20_SP
24.0529,80.61392,313.42,0.39,0.36,2023-10-08,2015,N20,VIIRS,n,2,297.79,1.4,N,2,VIIRS_NOAA20_SP
24.14633,86.329,307.48,0.55,0.43,2023-10-08,2015,N20,VIIRS,n,2,294.26,0.61,N,0,VIIRS_NOAA20_SP
24.1696,82.55986,318.22,0.39,0.36,2023-10-08,2015,N20,VIIRS,n,2,295.75,1.84,N,2,VIIRS_NOAA20_SP
24.20595,82.70963,311.3,0.4,0.37,2023-10-08,2015,N20,VIIRS,n,2,295.65,0.89,N,2,VIIRS_NOAA20_SP
24.20604,82.52309,307.35,0.39,0.36,2023-10-08,2015,N20,VIIRS,n,2,294.66,0.54,N,2,VIIRS_NOAA20_SP
24.20929,82.71025,306.78,0.4,0.37,2023-10-08,2015,N20,VIIRS,n,2,295.92,0.89,N,2,VIIRS_NOAA20_SP
24.59654,80.86049,307.85,0.39,0.36,2023-10-08,2015,N20,VIIRS,n,2,297.39,0.99,N,2,VIIRS_NOAA20_SP
24.6638,74.63351,307.65,0.47,0.48,2023-10-08,2015,N20,VIIRS,n,2,297.57,1.6,N,2,VIIRS_NOAA20_SP
24.71579,75.95219,308.79,0.39,0.44,2023-10-08,2015,N20,VIIRS,n,2,297.09,1.17,N,2,VIIRS_NOAA20_SP
24.76485,74.60646,314.58,0.47,0.48,2023-10-08,2015,N20,VIIRS,n,2,298.08,2.6,N,2,VIIRS_NOAA20_SP
24.81869,77.76071,305.37,0.48,0.4,2023-10-08,2015,N20,VIIRS,n,2,291.69,1.03,N,0,VIIRS_NOAA20_SP
24.92371,84.15674,309.97,0.43,0.38,2023-10-08,2015,N20,VIIRS,n,2,296.02,0.64,N,0,VIIRS_NOAA20_SP
25.40197,68.56241,306.14,0.58,0.7,2023-10-08,2015,N20,VIIRS,n,2,295.55,0.86,N,2,VIIRS_NOAA20_SP
26.98896,68.90283,308.25,0.57,0.69,2023-10-08,2015,N20,VIIRS,n,2,296.18,1.12,N,0,VIIRS_NOAA20_SP
19.0895,82.16203,328.08,0.42,0.37,2023-10-08,2016,N20,VIIRS,n,2,283.85,2.03,N,0,VIIRS_NOAA20_SP
19.10246,82.16847,308.96,0.42,0.37,2023-10-08,2016,N20,VIIRS,n,2,289.07,1.56,N,0,VIIRS_NOAA20_SP
19.72296,79.17507,310.05,0.39,0.36,2023-10-08,2016,N20,VIIRS,n,2,297.7,1.26,N,2,VIIRS_NOAA20_SP
19.78841,79.14801,315.6,0.39,0.36,2023-10-08,2016,N20,VIIRS,n,2,297.54,1.68,N,2,VIIRS_NOAA20_SP
19.92279,79.11279,307.93,0.39,0.36,2023-10-08,2016,N20,VIIRS,n,2,296.16,1.23,N,2,VIIRS_NOAA20_SP
19.93221,79.11819,307.81,0.39,0.36,2023-10-08,2016,N20,VIIRS,n,2,295.49,1.05,N,0,VIIRS_NOAA20_SP
19.96412,79.33289,323.64,0.39,0.36,2023-10-08,2016,N20,VIIRS,n,2,296.49,1.95,N,2,VIIRS_NOAA20_SP
20.0071,79.18412,308.11,0.39,0.36,2023-10-08,2016,N20,VIIRS,n,2,295.99,1.02,N,0,VIIRS_NOAA20_SP
20.29214,78.99948,300.25,0.4,0.37,2023-10-08,2016,N20,VIIRS,n,2,284.26,0.74,N,0,VIIRS_NOAA20_SP
20.78269,85.25577,307.75,0.55,0.42,2023-10-08,2016,N20,VIIRS,n,2,292.72,1.58,N,2,VIIRS_NOAA20_SP
20.78557,85.26174,310.8,0.55,0.42,2023-10-08,2016,N20,VIIRS,n,2,294.21,2.29,N,2,VIIRS_NOAA20_SP
20.78846,85.2677,305.97,0.55,0.42,2023-10-08,2016,N20,VIIRS,n,2,293.5,2.11,N,2,VIIRS_NOAA20_SP
20.7904,85.25735,306.62,0.55,0.42,2023-10-08,2016,N20,VIIRS,n,2,294.42,6.73,N,2,VIIRS_NOAA20_SP
20.79521,85.25294,332.24,0.55,0.42,2023-10-08,2016,N20,VIIRS,n,2,294.86,6.73,N,2,VIIRS_NOAA20_SP
20.7981,85.25894,310.71,0.55,0.42,2023-10-08,2016,N20,VIIRS,n,2,293.52,1.91,N,2,VIIRS_NOAA20_SP
20.80674,85.25545,314.33,0.55,0.42,2023-10-08,2016,N20,VIIRS,n,2,294.72,3.26,N,2,VIIRS_NOAA20_SP
20.86318,84.99288,316.87,0.53,0.42,2023-10-08,2016,N20,VIIRS,n,2,294.76,3.15,N,2,VIIRS_NOAA20_SP
20.86791,84.98853,308.2,0.53,0.42,2023-10-08,2016,N20,VIIRS,n,2,295.58,2.03,N,2,VIIRS_NOAA20_SP
20.91197,71.45773,313.48,0.34,0.56,2023-10-08,2016,N20,VIIRS,n,2,297.19,1.47,N,2,VIIRS_NOAA20_SP
20.94217,86.05695,319.61,0.4,0.44,2023-10-08,2016,N20,VIIRS,n,2,290.71,2.24,N,2,VIIRS_NOAA20_SP
20.95478,85.0043,312.43,0.53,0.42,2023-10-08,2016,N20,VIIRS,n,2,294.19,1.71,N,2,VIIRS_NOAA20_SP
20.95934,85.17253,305.85,0.54,0.42,2023-10-08,2016,N20,VIIRS,n,2,293.52,1.4,N,2,VIIRS_NOAA20_SP
20.96223,85.17842,314.92,0.54,0.42,2023-10-08,2016,N20,VIIRS,n,2,294.79,2.14,N,2,VIIRS_NOAA20_SP
20.96316,85.17336,330.25,0.54,0.42,2023-10-08,2016,N20,VIIRS,n,2,295.84,3.22,N,2,VIIRS_NOAA20_SP
20.96409,85.16827,320.75,0.54,0.42,2023-10-08,2016,N20,VIIRS,n,2,295.28,3.22,N,2,VIIRS_NOAA20_SP
20.96418,85.18946,307.76,0.54,0.42,2023-10-08,2016,N20,VIIRS,n,2,294.3,1.81,N,2,VIIRS_NOAA20_SP
20.96605,85.17924,307.79,0.54,0.42,2023-10-08,2016,N20,VIIRS,n,2,293.68,2.14,N,2,VIIRS_NOAA20_SP
20.96687,85.1531,308.45,0.54,0.42,2023-10-08,2016,N20,VIIRS,n,2,294.02,1.94,N,2,VIIRS_NOAA20_SP
20.96698,85.17416,315.4,0.54,0.42,2023-10-08,2016,N20,VIIRS,n,2,293.8,3.22,N,2,VIIRS_NOAA20_SP
20.96807,85.0175,323.59,0.53,0.42,2023-10-08,2016,N20,VIIRS,n,2,296.09,3.93,N,0,VIIRS_NOAA20_SP
20.96863,85.12189,306.29,0.53,0.42,2023-10-08,2016,N20,VIIRS,n,2,294.05,1.3,N,0,VIIRS_NOAA20_SP
20.97079,85.17499,330.07,0.54,0.42,2023-10-08,2016,N20,VIIRS,n,2,295.11,3.28,N,2,VIIRS_NOAA20_SP
20.97392,86.00062,310.79,0.4,0.44,2023-10-08,2016,N20,VIIRS,n,2,294.3,3.61,N,2,VIIRS_NOAA20_SP
20.97553,85.17075,308.88,0.54,0.42,2023-10-08,2016,N20,VIIRS,n,2,294.51,3.28,N,2,VIIRS_NOAA20_SP
20.9772,86.00526,308.11,0.4,0.44,2023-10-08,2016,N20,VIIRS,n,2,293.36,2.87,N,2,VIIRS_NOAA20_SP
20.9782,85.13447,313.02,0.53,0.42,2023-10-08,2016,N20,VIIRS,n,2,295.25,3.04,N,2,VIIRS_NOAA20_SP
20.98016,85.14537,312.92,0.54,0.42,2023-10-08,2016,N20,VIIRS,n,2,294.09,2.99,N,2,VIIRS_NOAA20_SP
21.07664,85.04229,333.62,0.53,0.42,2023-10-08,2016,N20,VIIRS,n,2,296.55,6.29,N,2,VIIRS_NOAA20_SP
21.07755,85.03732,313.19,0.53,0.42,2023-10-08,2016,N20,VIIRS,n,2,296.07,3.07,N,2,VIIRS_NOAA20_SP
21.08134,85.03812,307.55,0.53,0.42,2023-10-08,2016,N20,VIIRS,n,2,295.58,1.84,N,2,VIIRS_NOAA20_SP
21.10239,72.6358,338.54,0.57,0.52,2023-10-08,2016,N20,VIIRS,n,2,297.14,4.4,N,2,VIIRS_NOAA20_SP
21.10271,72.63689,328.44,0.57,0.52,2023-10-08,2016,N20,VIIRS,n,2,297.3,3.73,N,2,VIIRS_NOAA20_SP
21.10329,72.63138,320.39,0.57,0.52,2023-10-08,2016,N20,VIIRS,n,2,296.08,3.73,N,2,VIIRS_NOAA20_SP
21.10592,72.64732,314.71,0.57,0.52,2023-10-08,2016,N20,VIIRS,n,2,297.3,4.72,N,2,VIIRS_NOAA20_SP
21.10653,72.64187,320.84,0.57,0.52,2023-10-08,2016,N20,VIIRS,n,2,296.83,2.86,N,2,VIIRS_NOAA20_SP
21.1069,72.64297,334.84,0.57,0.52,2023-10-08,2016,N20,VIIRS,n,2,298.01,7.4,N,2,VIIRS_NOAA20_SP
21.10716,72.6364,316.15,0.57,0.52,2023-10-08,2016,N20,VIIRS,n,2,296.88,2.86,N,2,VIIRS_NOAA20_SP
21.18242,81.38915,328.01,0.39,0.36,2023-10-08,2016,N20,VIIRS,n,2,296.71,3.02,N,3,VIIRS_NOAA20_SP
21.18302,81.38545,327.75,0.39,0.36,2023-10-08,2016,N20,VIIRS,n,2,297.4,2.22,N,3,VIIRS_NOAA20_SP
21.18362,81.38174,309.86,0.39,0.36,2023-10-08,2016,N20,VIIRS,n,2,296.66,2.22,N,2,VIIRS_NOAA20_SP
21.18572,81.38976,312.35,0.39,0.36,2023-10-08,2016,N20,VIIRS,n,2,297.77,1.29,N,3,VIIRS_NOAA20_SP
21.18903,81.39037,315.88,0.39,0.36,2023-10-08,2016,N20,VIIRS,n,2,298.07,1.29,N,2,VIIRS_NOAA20_SP
21.23326,79.63136,311.09,0.39,0.36,2023-10-08,2016,N20,VIIRS,n,2,297.84,1.09,N,2,VIIRS_NOAA20_SP
21.23383,79.62763,311.91,0.39,0.36,2023-10-08,2016,N20,VIIRS,n,2,296.96,1.09,N,2,VIIRS_NOAA20_SP
21.24665,81.76902,307.32,0.39,0.36,2023-10-08,2016,N20,VIIRS,n,2,295.96,1.19,N,2,VIIRS_NOAA20_SP
21.24695,79.22088,309.93,0.4,0.37,2023-10-08,2016,N20,VIIRS,n,2,295.16,1.69,N,2,VIIRS_NOAA20_SP
21.26987,79.18191,307.19,0.4,0.37,2023-10-08,2016,N20,VIIRS,n,2,296.35,0.89,N,2,VIIRS_NOAA20_SP
21.29717,81.60487,306.97,0.39,0.36,2023-10-08,2016,N20,VIIRS,n,2,295.52,0.59,N,2,VIIRS_NOAA20_SP
21.30048,81.60548,308.88,0.39,0.36,2023-10-08,2016,N20,VIIRS,n,2,295.51,0.62,N,2,VIIRS_NOAA20_SP
21.30954,81.59181,311.57,0.39,0.36,2023-10-08,2016,N20,VIIRS,n,2,297.08,1.34,N,2,VIIRS_NOAA20_SP
21.34102,81.67069,307.27,0.39,0.36,2023-10-08,2016,N20,VIIRS,n,2,296.1,0.68,N,2,VIIRS_NOAA20_SP
21.34887,81.66444,330.97,0.39,0.36,2023-10-08,2016,N20,VIIRS,n,2,297.2,2.94,N,2,VIIRS_NOAA20_SP
21.36455,81.65198,310.89,0.39,0.36,2023-10-08,2016,N20,VIIRS,n,2,297.82,1.74,N,2,VIIRS_NOAA20_SP
21.36693,81.67934,308.1,0.39,0.36,2023-10-08,2016,N20,VIIRS,n,2,297.06,0.79,N,2,VIIRS_NOAA20_SP
21.36969,81.6414,306.57,0.39,0.36,2023-10-08,2016,N20,VIIRS,n,2,296.31,0.68,N,2,VIIRS_NOAA20_SP
21.37295,81.68432,309.32,0.39,0.36,2023-10-08,2016,N20,VIIRS,n,2,297.94,1.35,N,2,VIIRS_NOAA20_SP
21.37631,81.64263,311.22,0.39,0.36,2023-10-08,2016,N20,VIIRS,n,2,297.68,1.52,N,2,VIIRS_NOAA20_SP
21.37687,81.68121,321.96,0.39,0.36,2023-10-08,2016,N20,VIIRS,n,2,298.47,2.73,N,2,VIIRS_NOAA20_SP
21.38884,81.64761,313.54,0.39,0.36,2023-10-08,2016,N20,VIIRS,n,2,297.88,1.13,N,2,VIIRS_NOAA20_SP
21.4881,81.76992,313.14,0.39,0.36,2023-10-08,2016,N20,VIIRS,n,2,296.93,1.12,N,2,VIIRS_NOAA20_SP
21.54459,81.94721,308.43,0.4,0.37,2023-10-08,2016,N20,VIIRS,n,2,297.52,1.07,N,2,VIIRS_NOAA20_SP
21.57586,82.02261,309.13,0.4,0.37,2023-10-08,2016,N20,VIIRS,n,2,298.36,1.04,N,2,VIIRS_NOAA20_SP
21.68025,84.03785,323.79,0.46,0.39,2023-10-08,2016,N20,VIIRS,n,2,297.98,3.7,N,2,VIIRS_NOAA20_SP
21.68303,84.04295,308.33,0.46,0.39,2023-10-08,2016,N20,VIIRS,n,2,296.58,1.33,N,2,VIIRS_NOAA20_SP
21.75516,84.02422,309.97,0.46,0.39,2023-10-08,2016,N20,VIIRS,n,2,297.08,2.11,N,2,VIIRS_NOAA20_SP
21.76306,84.02129,313.05,0.46,0.39,2023-10-08,2016,N20,VIIRS,n,2,297.8,3.37,N,2,VIIRS_NOAA20_SP
21.7674,84.01765,321.79,0.46,0.39,2023-10-08,2016,N20,VIIRS,n,2,298.69,1.92,N,2,VIIRS_NOAA20_SP
21.77096,84.01836,311.56,0.46,0.39,2023-10-08,2016,N20,VIIRS,n,2,297.22,1.92,N,2,VIIRS_NOAA20_SP
21.77525,83.8319,307.53,0.45,0.39,2023-10-08,2016,N20,VIIRS,n,2,296.32,2.04,N,2,VIIRS_NOAA20_SP
21.77803,83.83695,306.62,0.45,0.39,2023-10-08,2016,N20,VIIRS,n,2,295.95,1.63,N,2,VIIRS_NOAA20_SP
21.78147,83.83634,308.75,0.45,0.39,2023-10-08,2016,N20,VIIRS,n,2,296.14,1.73,N,2,VIIRS_NOAA20_SP
21.79496,83.98706,307.87,0.46,0.39,2023-10-08,2016,N20,VIIRS,n,2,295.96,0.83,N,2,VIIRS_NOAA20_SP
21.80407,83.89442,305.68,0.45,0.39,2023-10-08,2016,N20,VIIRS,n,2,295.0,1.06,N,0,VIIRS_NOAA20_SP
21.87773,83.49669,310.99,0.44,0.38,2023-10-08,2016,N20,VIIRS,n,2,296.58,1.32,N,2,VIIRS_NOAA20_SP
21.87871,83.55297,309.63,0.44,0.38,2023-10-08,2016,N20,VIIRS,n,2,295.53,1.06,N,2,VIIRS_NOAA20_SP
21.88788,82.05234,308.49,0.4,0.37,2023-10-08,2016,N20,VIIRS,n,2,296.59,0.77,N,2,VIIRS_NOAA20_SP
21.92095,83.35121,338.07,0.43,0.38,2023-10-08,2016,N20,VIIRS,n,2,300.61,3.43,N,2,VIIRS_NOAA20_SP
21.92166,83.34711,311.44,0.43,0.38,2023-10-08,2016,N20,VIIRS,n,2,297.24,3.12,N,2,VIIRS_NOAA20_SP
21.92441,83.35189,319.94,0.43,0.38,2023-10-08,2016,N20,VIIRS,n,2,297.43,3.43,N,2,VIIRS_NOAA20_SP
21.92999,83.34026,309.06,0.43,0.38,2023-10-08,2016,N20,VIIRS,n,2,296.51,1.38,N,2,VIIRS_NOAA20_SP
21.93031,85.21981,318.96,0.52,0.42,2023-10-08,2016,N20,VIIRS,n,2,295.02,2.24,N,2,VIIRS_NOAA20_SP
21.98409,83.23265,316.06,0.43,0.38,2023-10-08,2016,N20,VIIRS,n,2,297.35,2.9,N,2,VIIRS_NOAA20_SP
22.00278,82.66808,313.18,0.41,0.37,2023-10-08,2016,N20,VIIRS,n,2,296.88,1.4,N,2,VIIRS_NOAA20_SP
22.0055,82.67262,310.71,0.41,0.37,2023-10-08,2016,N20,VIIRS,n,2,296.99,1.05,N,2,VIIRS_NOAA20_SP
22.00616,82.66872,312.33,0.41,0.37,2023-10-08,2016,N20,VIIRS,n,2,296.74,1.4,N,2,VIIRS_NOAA20_SP
22.01864,83.75262,309.89,0.44,0.39,2023-10-08,2016,N20,VIIRS,n,2,296.2,1.47,N,0,VIIRS_NOAA20_SP
22.02179,83.3783,314.88,0.43,0.38,2023-10-08,2016,N20,VIIRS,n,2,296.4,2.0,N,2,VIIRS_NOAA20_SP
22.03713,83.35154,307.47,0.43,0.38,2023-10-08,2016,N20,VIIRS,n,2,296.02,1.57,N,2,VIIRS_NOAA20_SP
22.03992,83.73496,312.68,0.44,0.39,2023-10-08,2016,N20,VIIRS,n,2,296.69,2.16,N,2,VIIRS_NOAA20_SP
22.04342,83.73569,320.03,0.44,0.39,2023-10-08,2016,N20,VIIRS,n,2,297.93,3.07,N,2,VIIRS_NOAA20_SP
22.04417,83.73145,334.93,0.44,0.39,2023-10-08,2016,N20,VIIRS,n,2,298.92,4.32,N,2,VIIRS_NOAA20_SP
22.05617,83.7251,308.34,0.44,0.39,2023-10-08,2016,N20,VIIRS,n,2,297.28,1.49,N,2,VIIRS_NOAA20_SP
22.10537,83.52647,311.68,0.44,0.38,2023-10-08,2016,N20,VIIRS,n,2,296.85,2.13,N,0,VIIRS_NOAA20_SP
22.10609,83.52232,326.26,0.43,0.38,2023-10-08,2016,N20,VIIRS,n,2,298.71,2.13,N,0,VIIRS_NOAA20_SP
22.26636,75.13316,308.04,0.41,0.45,2023-10-08,2016,N20,VIIRS,n,2,297.36,1.12,N,2,VIIRS_NOAA20_SP
22.31371,82.52996,309.3,0.4,0.37,2023-10-08,2016,N20,VIIRS,n,2,296.8,0.98,N,2,VIIRS_NOAA20_SP
22.31485,82.73759,310.76,0.41,0.37,2023-10-08,2016,N20,VIIRS,n,2,296.63,1.16,N,0,VIIRS_NOAA20_SP
22.31642,82.53448,307.07,0.4,0.37,2023-10-08,2016,N20,VIIRS,n,2,296.36,0.98,N,2,VIIRS_NOAA20_SP
22.31717,69.85479,318.81,0.44,0.63,2023-10-08,2016,N20,VIIRS,n,2,295.38,1.96,N,0,VIIRS_NOAA20_SP
22.31773,69.85588,314.25,0.45,0.63,2023-10-08,2016,N20,VIIRS,n,2,295.44,0.8,N,0,VIIRS_NOAA20_SP
22.3181,69.8515,305.62,0.45,0.63,2023-10-08,2016,N20,VIIRS,n,2,294.9,0.8,N,0,VIIRS_NOAA20_SP
22.32473,82.65884,309.83,0.41,0.37,2023-10-08,2016,N20,VIIRS,n,2,296.88,1.16,N,2,VIIRS_NOAA20_SP
22.3275,82.68355,318.34,0.41,0.37,2023-10-08,2016,N20,VIIRS,n,2,296.61,1.75,N,2,VIIRS_NOAA20_SP
22.32942,82.6517,311.76,0.41,0.37,2023-10-08,2016,N20,VIIRS,n,2,296.5,1.7,N,2,VIIRS_NOAA20_SP
22.33059,82.60377,308.47,0.4,0.37,2023-10-08,2016,N20,VIIRS,n,2,296.98,1.43,N,2,VIIRS_NOAA20_SP
22.33213,82.65625,313.67,0.41,0.37,2023-10-08,2016,N20,VIIRS,n,2,297.16,1.96,N,2,VIIRS_NOAA20_SP
22.40448,69.01579,306.55,0.51,0.66,2023-10-08,2016,N20,VIIRS,n,2,296.11,2.05,N,0,VIIRS_NOAA20_SP
22.92919,70.1022,310.39,0.44,0.62,2023-10-08,2016,N20,VIIRS,n,2,295.31,2.14,N,0,VIIRS_NOAA20_SP
22.9305,70.10564,309.35,0.44,0.62,2023-10-08,2016,N20,VIIRS,n,2,296.71,1.67,N,0,VIIRS_NOAA20_SP
22.93075,69.82029,305.74,0.45,0.63,2023-10-08,2016,N20,VIIRS,n,2,295.55,0.85,N,2,VIIRS_NOAA20_SP
23.04479,70.12261,317.42,0.44,0.62,2023-10-08,2016,N20,VIIRS,n,2,296.38,1.98,N,0,VIIRS_NOAA20_SP
23.04518,70.11835,316.49,0.44,0.62,2023-10-08,2016,N20,VIIRS,n,2,295.36,1.98,N,0,VIIRS_NOAA20_SP
23.04635,70.12041,333.46,0.44,0.62,2023-10-08,2016,N20,VIIRS,n,2,296.06,3.25,N,0,VIIRS_NOAA20_SP
23.33063,70.21328,307.89,0.43,0.62,2023-10-08,2016,N20,VIIRS,n,2,295.96,0.91,N,0,VIIRS_NOAA20_SP
15.96388,80.93861,307.43,0.4,0.37,2023-10-08,2017,N20,VIIRS,n,2,295.58,0.38,N,0,VIIRS_NOAA20_SP
16.87701,80.11912,307.75,0.39,0.36,2023-10-08,2017,N20,VIIRS,n,2,296.95,0.83,N,2,VIIRS_NOAA20_SP
17.05925,76.981,305.82,0.43,0.38,2023-10-08,2017,N20,VIIRS,n,2,295.26,0.89,N,2,VIIRS_NOAA20_SP
17.06333,76.97749,313.61,0.43,0.38,2023-10-08,2017,N20,VIIRS,n,2,295.5,1.84,N,2,VIIRS_NOAA20_SP
17.14204,77.1818,306.2,0.43,0.38,2023-10-08,2017,N20,VIIRS,n,2,294.01,0.87,N,2,VIIRS_NOAA20_SP
17.46448,80.65496,307.74,0.39,0.36,2023-10-08,2017,N20,VIIRS,n,2,293.23,1.22,N,0,VIIRS_NOAA20_SP
18.68016,79.55333,324.8,0.39,0.36,2023-10-08,2017,N20,VIIRS,n,2,298.41,2.14,N,0,VIIRS_NOAA20_SP
18.68409,73.0387,306.68,0.5,0.49,2023-10-08,2017,N20,VIIRS,n,2,295.07,4.08,N,2,VIIRS_NOAA20_SP
18.68524,73.02923,309.56,0.5,0.49,2023-10-08,2017,N20,VIIRS,n,2,294.42,2.91,N,2,VIIRS_NOAA20_SP
18.68935,73.05096,306.83,0.5,0.49,2023-10-08,2017,N20,VIIRS,n,2,294.6,1.73,N,2,VIIRS_NOAA20_SP
18.69307,73.03992,314.99,0.5,0.49,2023-10-08,2017,N20,VIIRS,n,2,295.18,3.45,N,2,VIIRS_NOAA20_SP
18.69548,73.03735,309.24,0.5,0.49,2023-10-08,2017,N20,VIIRS,n,2,294.92,3.09,N,2,VIIRS_NOAA20_SP
18.71351,79.40273,306.95,0.39,0.36,2023-10-08,2017,N20,VIIRS,n,2,295.82,0.82,N,0,VIIRS_NOAA20_SP
18.72034,79.53416,307.88,0.39,0.36,2023-10-08,2017,N20,VIIRS,n,2,297.09,1.2,N,2,VIIRS_NOAA20_SP
18.72096,79.50826,323.93,0.39,0.36,2023-10-08,2017,N20,VIIRS,n,2,296.38,1.97,N,0,VIIRS_NOAA20_SP
18.73465,79.52917,310.39,0.39,0.36,2023-10-08,2017,N20,VIIRS,n,2,296.48,0.82,N,2,VIIRS_NOAA20_SP
18.73521,79.52555,306.12,0.39,0.36,2023-10-08,2017,N20,VIIRS,n,2,295.36,0.82,N,2,VIIRS_NOAA20_SP
18.73739,79.53336,317.37,0.39,0.36,2023-10-08,2017,N20,VIIRS,n,2,296.91,1.63,N,2,VIIRS_NOAA20_SP
18.97333,71.62128,318.62,0.62,0.54,2023-10-08,2017,N20,VIIRS,n,2,296.3,1.98,N,3,VIIRS_NOAA20_SP
18.97454,71.62141,325.62,0.62,0.54,2023-10-08,2017,N20,VIIRS,n,2,296.29,3.17,N,3,VIIRS_NOAA20_SP
19.1026,73.05067,308.95,0.5,0.49,2023-10-08,2017,N20,VIIRS,n,2,293.89,3.53,N,2,VIIRS_NOAA20_SP
19.17862,70.94422,308.85,0.35,0.56,2023-10-08,2017,N20,VIIRS,n,2,296.18,1.14,N,3,VIIRS_NOAA20_SP
19.17896,70.9409,326.7,0.35,0.56,2023-10-08,2017,N20,VIIRS,n,2,296.44,1.14,N,3,VIIRS_NOAA20_SP
19.37435,71.35141,347.2,0.33,0.55,2023-10-08,2017,N20,VIIRS,n,2,297.2,3.27,N,3,VIIRS_NOAA20_SP
13.39223,80.0764,307.32,0.4,0.37,2023-10-08,2018,N20,VIIRS,n,2,292.6,2.65,N,0,VIIRS_NOAA20_SP
14.58976,78.58084,307.59,0.39,0.36,2023-10-08,2018,N20,VIIRS,n,2,294.39,0.82,N,2,VIIRS_NOAA20_SP
14.6057,78.52158,316.55,0.39,0.36,2023-10-08,2018,N20,VIIRS,n,2,295.68,1.55,N,2,VIIRS_NOAA20_SP
14.87491,78.05177,305.93,0.39,0.36,2023-10-08,2018,N20,VIIRS,n,2,294.58,1.23,N,2,VIIRS_NOAA20_SP
15.02332,78.01192,308.53,0.39,0.36,2023-10-08,2018,N20,VIIRS,n,2,295.19,1.15,N,2,VIIRS_NOAA20_SP
15.17125,76.66598,303.94,0.43,0.38,2023-10-08,2018,N20,VIIRS,n,2,292.85,3.61,N,2,VIIRS_NOAA20_SP
15.1738,76.37846,311.34,0.44,0.38,2023-10-08,2018,N20,VIIRS,n,2,293.55,2.21,N,2,VIIRS_NOAA20_SP
15.33546,76.28377,309.43,0.45,0.39,2023-10-08,2018,N20,VIIRS,n,2,290.42,0.76,N,2,VIIRS_NOAA20_SP
9.45702,77.92779,306.19,0.38,0.36,2023-10-08,2019,N20,VIIRS,n,2,291.25,0.92,N,0,VIIRS_NOAA20_SP
10.93049,77.06351,304.12,0.39,0.36,2023-10-08,2019,N20,VIIRS,n,2,287.38,0.98,N,2,VIIRS_NOAA20_SP
11.18213,79.10023,310.37,0.39,0.36,2023-10-08,2019,N20,VIIRS,n,2,293.39,0.96,N,2,VIIRS_NOAA20_SP
11.28467,77.8923,310.83,0.38,0.36,2023-10-08,2019,N20,VIIRS,n,2,287.56,1.02,N,0,VIIRS_NOAA20_SP
11.30656,79.80716,307.05,0.4,0.37,2023-10-08,2019,N20,VIIRS,n,2,292.59,0.49,N,0,VIIRS_NOAA20_SP
11.36167,79.23183,307.85,0.39,0.36,2023-10-08,2019,N20,VIIRS,n,2,293.21,0.87,N,0,VIIRS_NOAA20_SP
32.88799,71.61325,305.86,0.5,0.66,2023-10-08,2153,N20,VIIRS,n,2,289.81,0.92,N,2,VIIRS_NOAA20_SP
33.4078,70.31629,298.6,0.41,0.61,2023-10-08,2153,N20,VIIRS,n,2,287.35,0.87,N,0,VIIRS_NOAA20_SP
33.40877,70.31325,309.59,0.41,0.61,2023-10-08,2153,N20,VIIRS,n,2,287.32,1.01,N,0,VIIRS_NOAA20_SP
33.40895,70.31178,303.65,0.41,0.61,2023-10-08,2153,N20,VIIRS,n,2,287.23,0.87,N,0,VIIRS_NOAA20_SP
30.18373,69.21091,321.51,0.43,0.62,2023-10-08,2154,N20,VIIRS,n,2,293.08,14.08,N,0,VIIRS_NOAA20_SP
30.18489,69.20631,367.0,0.43,0.62,2023-10-08,2154,N20,VIIRS,h,2,294.88,9.1,N,0,VIIRS_NOAA20_SP
30.18591,69.20223,312.36,0.43,0.62,2023-10-08,2154,N20,VIIRS,n,2,290.22,9.1,N,0,VIIRS_NOAA20_SP
30.19056,69.20723,356.22,0.43,0.62,2023-10-08,2154,N20,VIIRS,n,2,297.6,9.1,N,0,VIIRS_NOAA20_SP
30.1914,69.2039,339.14,0.43,0.62,2023-10-08,2154,N20,VIIRS,n,2,292.54,9.1,N,0,VIIRS_NOAA20_SP
30.19596,69.20926,309.1,0.43,0.62,2023-10-08,2154,N20,VIIRS,n,2,290.95,5.25,N,0,VIIRS_NOAA20_SP
30.19677,69.20605,367.0,0.43,0.62,2023-10-08,2154,N20,VIIRS,h,2,296.78,5.25,N,0,VIIRS_NOAA20_SP
30.20215,69.20815,336.65,0.43,0.62,2023-10-08,2154,N20,VIIRS,n,2,292.93,5.25,N,0,VIIRS_NOAA20_SP
30.20386,69.22492,311.93,0.43,0.62,2023-10-08,2154,N20,VIIRS,n,2,288.5,1.08,N,0,VIIRS_NOAA20_SP
30.20893,69.22829,312.15,0.43,0.62,2023-10-08,2154,N20,VIIRS,n,2,289.24,1.08,N,0,VIIRS_NOAA20_SP
32.29561,70.72835,301.67,0.46,0.64,2023-10-08,2154,N20,VIIRS,n,2,291.19,1.17,N,2,VIIRS_NOAA20_SP
32.29601,70.72796,301.93,0.46,0.64,2023-10-08,2154,N20,VIIRS,n,2,291.31,1.19,N,2,VIIRS_NOAA20_SP
32.40815,70.62808,314.23,0.45,0.63,2023-10-08,2154,N20,VIIRS,n,2,293.23,2.02,N,0,VIIRS_NOAA20_SP
32.40989,70.62745,313.78,0.45,0.63,2023-10-08,2154,N20,VIIRS,n,2,293.21,1.8,N,0,VIIRS_NOAA20_SP
28.05021,69.36601,319.92,0.49,0.65,2023-10-08,2155,N20,VIIRS,n,2,295.8,1.63,N,0,VIIRS_NOAA20_SP
28.05599,69.36788,308.21,0.49,0.65,2023-10-08,2155,N20,VIIRS,n,2,296.17,1.07,N,2,VIIRS_NOAA20_SP
22.31173,69.86021,306.15,0.71,0.75,2023-10-08,2156,N20,VIIRS,n,2,294.4,1.35,N,0,VIIRS_NOAA20_SP
22.31842,69.86218,304.82,0.71,0.75,2023-10-08,2156,N20,VIIRS,n,2,294.6,2.29,N,0,VIIRS_NOAA20_SP
22.92688,70.10344,309.4,0.71,0.75,2023-10-08,2156,N20,VIIRS,n,2,294.61,1.89,N,0,VIIRS_NOAA20_SP
23.04113,70.11762,316.11,0.71,0.75,2023-10-08,2156,N20,VIIRS,n,2,294.67,1.84,N,0,VIIRS_NOAA20_SP
8.94569,77.45284,332.29,0.52,0.67,2023-10-09,725,N20,VIIRS,n,2,290.35,5.04,D,0,VIIRS_NOAA20_SP
9.68333,78.66428,332.38,0.41,0.61,2023-10-09,725,N20,VIIRS,n,2,292.84,4.09,D,0,VIIRS_NOAA20_SP
9.92048,79.1218,333.54,0.38,0.59,2023-10-09,725,N20,VIIRS,n,2,292.64,2.29,D,0,VIIRS_NOAA20_SP
9.92583,79.12082,334.98,0.38,0.59,2023-10-09,725,N20,VIIRS,n,2,292.72,2.29,D,0,VIIRS_NOAA20_SP
10.89,77.02469,337.73,0.51,0.66,2023-10-09,725,N20,VIIRS,n,2,292.81,5.54,D,0,VIIRS_NOAA20_SP
10.89253,77.02699,338.27,0.51,0.66,2023-10-09,725,N20,VIIRS,n,2,291.68,5.78,D,0,VIIRS_NOAA20_SP
11.92488,78.93069,367.0,0.36,0.58,2023-10-09,726,N20,VIIRS,h,2,293.04,10.25,D,0,VIIRS_NOAA20_SP
12.93263,79.34666,351.19,0.32,0.55,2023-10-09,726,N20,VIIRS,n,2,292.79,4.37,D,0,VIIRS_NOAA20_SP
14.87092,77.7883,337.55,0.38,0.59,2023-10-09,726,N20,VIIRS,n,2,295.4,2.89,D,0,VIIRS_NOAA20_SP
15.13059,78.47977,347.8,0.34,0.56,2023-10-09,726,N20,VIIRS,n,2,297.64,3.64,D,0,VIIRS_NOAA20_SP
15.13854,78.29078,330.97,0.35,0.57,2023-10-09,726,N20,VIIRS,n,2,298.13,2.49,D,0,VIIRS_NOAA20_SP
15.18222,78.61261,333.53,0.33,0.55,2023-10-09,726,N20,VIIRS,n,2,297.38,1.59,D,0,VIIRS_NOAA20_SP
15.18474,78.1715,331.9,0.35,0.57,2023-10-09,726,N20,VIIRS,n,2,298.11,1.5,D,0,VIIRS_NOAA20_SP
15.32557,78.19914,347.53,0.35,0.57,2023-10-09,727,N20,VIIRS,n,2,296.27,4.49,D,0,VIIRS_NOAA20_SP
15.32714,78.19933,338.72,0.35,0.57,2023-10-09,727,N20,VIIRS,n,2,295.45,1.5,D,0,VIIRS_NOAA20_SP
15.45869,78.5191,335.1,0.33,0.55,2023-10-09,727,N20,VIIRS,n,2,298.43,1.83,D,0,VIIRS_NOAA20_SP
15.62077,79.74033,332.93,0.55,0.51,2023-10-09,727,N20,VIIRS,n,2,300.77,3.0,D,0,VIIRS_NOAA20_SP
15.77199,78.11474,333.94,0.35,0.57,2023-10-09,727,N20,VIIRS,n,2,300.34,1.31,D,0,VIIRS_NOAA20_SP
15.823,78.23856,341.37,0.34,0.56,2023-10-09,727,N20,VIIRS,n,2,298.35,3.32,D,0,VIIRS_NOAA20_SP
15.83963,76.05192,332.78,0.48,0.64,2023-10-09,727,N20,VIIRS,n,2,293.71,1.37,D,0,VIIRS_NOAA20_SP
15.997,79.75751,344.38,0.54,0.51,2023-10-09,727,N20,VIIRS,n,2,299.91,3.51,D,0,VIIRS_NOAA20_SP
16.2068,77.37891,339.0,0.38,0.59,2023-10-09,727,N20,VIIRS,n,2,299.68,2.98,D,0,VIIRS_NOAA20_SP
16.2075,77.38239,331.8,0.38,0.59,2023-10-09,727,N20,VIIRS,n,2,300.05,2.6,D,0,VIIRS_NOAA20_SP
16.46048,79.55852,335.31,0.54,0.51,2023-10-09,727,N20,VIIRS,n,2,302.76,4.86,D,0,VIIRS_NOAA20_SP
16.46221,79.56087,335.43,0.54,0.51,2023-10-09,727,N20,VIIRS,n,2,303.44,4.31,D,0,VIIRS_NOAA20_SP
17.57722,77.4912,337.52,0.35,0.57,2023-10-09,727,N20,VIIRS,n,2,301.07,6.1,D,0,VIIRS_NOAA20_SP
17.57881,77.49315,335.49,0.35,0.57,2023-10-09,727,N20,VIIRS,n,2,298.61,3.54,D,0,VIIRS_NOAA20_SP
18.04165,83.56995,333.68,0.45,0.39,2023-10-09,727,N20,VIIRS,n,2,299.75,4.45,D,0,VIIRS_NOAA20_SP
19.09288,82.16937,331.26,0.51,0.41,2023-10-09,727,N20,VIIRS,l,2,303.74,2.74,D,0,VIIRS_NOAA20_SP
19.49759,83.52412,329.84,0.44,0.38,2023-10-09,727,N20,VIIRS,n,2,300.34,2.39,D,0,VIIRS_NOAA20_SP
18.57574,72.24208,367.0,0.74,0.76,2023-10-09,728,N20,VIIRS,h,2,293.63,14.75,D,3,VIIRS_NOAA20_SP
18.57663,72.24293,354.17,0.74,0.76,2023-10-09,728,N20,VIIRS,n,2,293.59,11.97,D,3,VIIRS_NOAA20_SP
20.78566,85.2599,331.13,0.39,0.36,2023-10-09,728,N20,VIIRS,l,2,305.88,4.79,D,2,VIIRS_NOAA20_SP
20.795,85.25448,342.93,0.39,0.36,2023-10-09,728,N20,VIIRS,n,2,307.76,13.33,D,2,VIIRS_NOAA20_SP
20.8639,84.99824,342.66,0.39,0.36,2023-10-09,728,N20,VIIRS,n,2,304.83,3.62,D,2,VIIRS_NOAA20_SP
20.95093,86.04845,344.32,0.38,0.36,2023-10-09,728,N20,VIIRS,n,2,306.98,8.34,D,2,VIIRS_NOAA20_SP
20.95382,85.00873,334.49,0.39,0.36,2023-10-09,728,N20,VIIRS,n,2,303.5,2.93,D,2,VIIRS_NOAA20_SP
20.96221,85.17104,330.69,0.39,0.36,2023-10-09,728,N20,VIIRS,l,2,304.29,4.33,D,2,VIIRS_NOAA20_SP
20.96279,85.17474,341.92,0.39,0.36,2023-10-09,728,N20,VIIRS,n,2,305.07,4.33,D,2,VIIRS_NOAA20_SP
20.96337,85.17844,343.89,0.39,0.36,2023-10-09,728,N20,VIIRS,n,2,305.61,5.65,D,2,VIIRS_NOAA20_SP
20.96882,85.01749,340.68,0.39,0.36,2023-10-09,728,N20,VIIRS,n,2,302.74,4.27,D,0,VIIRS_NOAA20_SP
20.96998,85.17727,335.12,0.39,0.36,2023-10-09,728,N20,VIIRS,n,2,303.7,2.53,D,2,VIIRS_NOAA20_SP
20.97121,86.00362,339.12,0.38,0.36,2023-10-09,728,N20,VIIRS,n,2,307.77,5.25,D,2,VIIRS_NOAA20_SP
20.97505,86.00673,332.21,0.38,0.36,2023-10-09,728,N20,VIIRS,l,2,305.91,2.36,D,2,VIIRS_NOAA20_SP
21.07513,85.04453,338.01,0.39,0.36,2023-10-09,728,N20,VIIRS,n,2,307.95,5.11,D,2,VIIRS_NOAA20_SP
21.07786,85.04022,334.84,0.39,0.36,2023-10-09,728,N20,VIIRS,l,2,305.25,7.07,D,2,VIIRS_NOAA20_SP
21.10832,72.64796,367.0,0.61,0.71,2023-10-09,728,N20,VIIRS,h,2,299.83,12.14,D,2,VIIRS_NOAA20_SP
21.1088,72.64892,347.88,0.61,0.71,2023-10-09,728,N20,VIIRS,n,2,300.02,10.85,D,2,VIIRS_NOAA20_SP
21.67748,84.04084,335.17,0.4,0.37,2023-10-09,728,N20,VIIRS,l,2,307.55,6.05,D,2,VIIRS_NOAA20_SP
21.7583,83.84553,333.58,0.41,0.37,2023-10-09,728,N20,VIIRS,n,2,303.15,4.89,D,2,VIIRS_NOAA20_SP
21.76585,84.02029,332.12,0.4,0.37,2023-10-09,728,N20,VIIRS,l,2,306.41,5.82,D,2,VIIRS_NOAA20_SP
21.91964,83.34979,335.43,0.42,0.38,2023-10-09,728,N20,VIIRS,l,2,310.41,4.39,D,2,VIIRS_NOAA20_SP
22.00236,82.66851,331.09,0.45,0.39,2023-10-09,728,N20,VIIRS,l,2,305.98,3.34,D,2,VIIRS_NOAA20_SP
22.03956,83.73749,336.7,0.41,0.37,2023-10-09,728,N20,VIIRS,l,2,309.08,4.08,D,2,VIIRS_NOAA20_SP
22.0423,83.73293,337.31,0.41,0.37,2023-10-09,728,N20,VIIRS,n,2,305.89,4.08,D,2,VIIRS_NOAA20_SP
22.04891,88.10278,330.4,0.43,0.38,2023-10-09,728,N20,VIIRS,n,2,289.54,1.43,D,2,VIIRS_NOAA20_SP
22.06212,88.1217,338.08,0.43,0.38,2023-10-09,728,N20,VIIRS,n,2,287.84,4.72,D,2,VIIRS_NOAA20_SP
22.10302,83.11899,332.62,0.43,0.38,2023-10-09,728,N20,VIIRS,l,2,304.69,4.32,D,2,VIIRS_NOAA20_SP
22.21261,84.83923,330.16,0.39,0.36,2023-10-09,728,N20,VIIRS,l,2,303.99,4.71,D,2,VIIRS_NOAA20_SP
22.21319,84.84297,335.21,0.39,0.36,2023-10-09,728,N20,VIIRS,n,2,305.39,4.71,D,2,VIIRS_NOAA20_SP
22.24052,87.38933,331.74,0.41,0.37,2023-10-09,728,N20,VIIRS,l,2,303.99,4.71,D,0,VIIRS_NOAA20_SP
22.32527,82.68666,330.84,0.44,0.38,2023-10-09,728,N20,VIIRS,l,2,305.63,3.6,D,2,VIIRS_NOAA20_SP
22.33076,82.655,333.59,0.44,0.39,2023-10-09,728,N20,VIIRS,l,2,306.25,2.7,D,2,VIIRS_NOAA20_SP
22.36417,87.30135,335.08,0.4,0.37,2023-10-09,728,N20,VIIRS,l,2,306.43,2.77,D,2,VIIRS_NOAA20_SP
22.36755,87.3008,330.59,0.4,0.37,2023-10-09,728,N20,VIIRS,l,2,305.04,2.77,D,2,VIIRS_NOAA20_SP
22.78896,86.19848,334.0,0.39,0.36,2023-10-09,728,N20,VIIRS,l,2,307.32,7.49,D,2,VIIRS_NOAA20_SP
22.79062,86.20973,335.72,0.39,0.36,2023-10-09,728,N20,VIIRS,l,2,307.18,2.64,D,2,VIIRS_NOAA20_SP
23.55796,87.23972,336.48,0.41,0.37,2023-10-09,728,N20,VIIRS,n,2,302.77,5.1,D,2,VIIRS_NOAA20_SP
23.57558,92.7709,327.26,0.52,0.5,2023-10-09,728,N20,VIIRS,n,2,293.64,2.57,D,0,VIIRS_NOAA20_SP
23.67229,86.11572,331.85,0.39,0.36,2023-10-09,728,N20,VIIRS,n,2,300.3,2.54,D,2,VIIRS_NOAA20_SP
23.6723,86.93718,336.17,0.4,0.37,2023-10-09,728,N20,VIIRS,n,2,303.78,3.69,D,2,VIIRS_NOAA20_SP
23.67948,86.09506,338.42,0.39,0.36,2023-10-09,728,N20,VIIRS,n,2,304.09,3.93,D,2,VIIRS_NOAA20_SP
23.68273,86.39584,339.02,0.39,0.36,2023-10-09,728,N20,VIIRS,n,2,306.12,7.1,D,2,VIIRS_NOAA20_SP
23.68551,86.39146,334.24,0.39,0.36,2023-10-09,728,N20,VIIRS,l,2,308.42,7.56,D,2,VIIRS_NOAA20_SP
23.68785,87.12083,330.95,0.41,0.37,2023-10-09,728,N20,VIIRS,l,2,304.02,3.09,D,2,VIIRS_NOAA20_SP
23.75788,86.40198,339.13,0.39,0.36,2023-10-09,728,N20,VIIRS,n,2,301.73,3.22,D,2,VIIRS_NOAA20_SP
23.77459,86.21115,336.76,0.39,0.36,2023-10-09,728,N20,VIIRS,n,2,305.76,4.13,D,2,VIIRS_NOAA20_SP
23.77622,86.38706,333.97,0.39,0.36,2023-10-09,728,N20,VIIRS,l,2,304.38,4.39,D,2,VIIRS_NOAA20_SP
23.7801,86.39033,336.37,0.39,0.36,2023-10-09,728,N20,VIIRS,l,2,306.53,3.31,D,2,VIIRS_NOAA20_SP
23.78065,86.39417,337.44,0.39,0.36,2023-10-09,728,N20,VIIRS,n,2,298.7,3.31,D,2,VIIRS_NOAA20_SP
23.78568,86.33446,340.69,0.39,0.36,2023-10-09,728,N20,VIIRS,n,2,308.62,4.95,D,2,VIIRS_NOAA20_SP
23.79178,86.35302,338.83,0.39,0.36,2023-10-09,728,N20,VIIRS,n,2,305.12,4.72,D,2,VIIRS_NOAA20_SP
23.79511,86.35246,348.85,0.39,0.36,2023-10-09,728,N20,VIIRS,n,2,307.25,8.61,D,2,VIIRS_NOAA20_SP
23.80232,86.3316,334.67,0.39,0.36,2023-10-09,728,N20,VIIRS,n,2,304.03,2.53,D,2,VIIRS_NOAA20_SP
23.80565,86.33104,334.37,0.39,0.36,2023-10-09,728,N20,VIIRS,l,2,306.14,2.77,D,2,VIIRS_NOAA20_SP
22.71784,76.25869,336.57,0.34,0.56,2023-10-09,729,N20,VIIRS,l,2,307.72,1.68,D,0,VIIRS_NOAA20_SP
22.73372,75.35052,333.16,0.38,0.59,2023-10-09,729,N20,VIIRS,l,2,303.42,2.22,D,0,VIIRS_NOAA20_SP
23.06233,75.60069,330.41,0.36,0.58,2023-10-09,729,N20,VIIRS,l,2,305.37,1.71,D,0,VIIRS_NOAA20_SP
23.12796,79.59776,331.65,0.41,0.45,2023-10-09,729,N20,VIIRS,l,2,306.27,2.25,D,0,VIIRS_NOAA20_SP
23.29094,75.69676,338.12,0.35,0.57,2023-10-09,729,N20,VIIRS,n,2,308.22,1.94,D,0,VIIRS_NOAA20_SP
23.36186,79.76807,334.58,0.4,0.44,2023-10-09,729,N20,VIIRS,l,2,307.9,2.94,D,0,VIIRS_NOAA20_SP
23.367,77.16765,336.1,0.57,0.52,2023-10-09,729,N20,VIIRS,l,2,307.39,3.27,D,0,VIIRS_NOAA20_SP
23.37314,79.7616,343.25,0.4,0.44,2023-10-09,729,N20,VIIRS,n,2,308.5,6.71,D,0,VIIRS_NOAA20_SP
23.37436,79.76189,338.44,0.4,0.44,2023-10-09,729,N20,VIIRS,n,2,307.47,6.91,D,0,VIIRS_NOAA20_SP
23.50775,70.30882,330.34,0.76,0.77,2023-10-09,729,N20,VIIRS,n,2,297.51,3.68,D,0,VIIRS_NOAA20_SP
23.52849,78.91467,337.51,0.44,0.46,2023-10-09,729,N20,VIIRS,n,2,307.15,2.08,D,0,VIIRS_NOAA20_SP
23.67022,77.23497,336.22,0.56,0.51,2023-10-09,729,N20,VIIRS,n,2,310.84,4.7,D,0,VIIRS_NOAA20_SP
23.70746,77.41417,333.16,0.54,0.51,2023-10-09,729,N20,VIIRS,n,2,307.9,4.56,D,0,VIIRS_NOAA20_SP
23.92336,79.5759,334.25,0.4,0.44,2023-10-09,729,N20,VIIRS,n,2,304.33,2.7,D,0,VIIRS_NOAA20_SP
23.99259,77.75742,336.19,0.51,0.49,2023-10-09,729,N20,VIIRS,l,2,309.89,4.03,D,0,VIIRS_NOAA20_SP
24.00839,79.33789,336.3,0.41,0.45,2023-10-09,729,N20,VIIRS,n,2,307.86,3.12,D,0,VIIRS_NOAA20_SP
24.04859,79.34937,337.02,0.41,0.45,2023-10-09,729,N20,VIIRS,l,2,310.82,1.95,D,0,VIIRS_NOAA20_SP
24.10285,77.8508,333.79,0.5,0.49,2023-10-09,729,N20,VIIRS,l,2,307.17,2.95,D,0,VIIRS_NOAA20_SP
24.14765,77.77424,334.97,0.51,0.49,2023-10-09,729,N20,VIIRS,n,2,306.53,2.22,D,0,VIIRS_NOAA20_SP
24.16917,82.56116,332.9,0.43,0.38,2023-10-09,729,N20,VIIRS,n,2,306.08,2.0,D,2,VIIRS_NOAA20_SP
24.54379,77.1507,342.68,0.54,0.51,2023-10-09,729,N20,VIIRS,n,2,307.68,5.27,D,0,VIIRS_NOAA20_SP
24.74161,80.95423,333.25,0.49,0.4,2023-10-09,729,N20,VIIRS,n,2,305.38,3.56,D,0,VIIRS_NOAA20_SP
24.74247,80.95901,335.08,0.49,0.4,2023-10-09,729,N20,VIIRS,n,2,306.13,4.81,D,0,VIIRS_NOAA20_SP
24.81583,76.97044,337.03,0.55,0.51,2023-10-09,729,N20,VIIRS,n,2,306.82,8.26,D,0,VIIRS_NOAA20_SP
24.82093,82.71396,340.42,0.42,0.37,2023-10-09,729,N20,VIIRS,n,2,302.6,11.13,D,0,VIIRS_NOAA20_SP
24.82434,82.71328,355.56,0.42,0.37,2023-10-09,729,N20,VIIRS,n,2,304.95,11.13,D,0,VIIRS_NOAA20_SP
24.82502,82.71736,350.82,0.42,0.37,2023-10-09,729,N20,VIIRS,n,2,307.1,26.56,D,0,VIIRS_NOAA20_SP
24.8257,82.72144,349.14,0.42,0.37,2023-10-09,729,N20,VIIRS,n,2,304.06,26.56,D,0,VIIRS_NOAA20_SP
24.82911,82.72077,355.6,0.42,0.37,2023-10-09,729,N20,VIIRS,l,2,304.12,11.85,D,0,VIIRS_NOAA20_SP
24.83183,82.716,355.28,0.42,0.37,2023-10-09,729,N20,VIIRS,n,2,304.05,11.85,D,0,VIIRS_NOAA20_SP
24.83251,82.72008,352.63,0.42,0.37,2023-10-09,729,N20,VIIRS,n,2,303.87,11.85,D,0,VIIRS_NOAA20_SP
24.83319,82.72416,342.88,0.42,0.37,2023-10-09,729,N20,VIIRS,n,2,304.4,13.02,D,0,VIIRS_NOAA20_SP
24.83592,82.71939,356.02,0.42,0.37,2023-10-09,729,N20,VIIRS,l,2,304.8,31.35,D,0,VIIRS_NOAA20_SP
24.8366,82.72346,355.53,0.42,0.37,2023-10-09,729,N20,VIIRS,l,2,304.39,12.41,D,0,VIIRS_NOAA20_SP
24.83728,82.72755,349.43,0.42,0.37,2023-10-09,729,N20,VIIRS,n,2,305.69,12.41,D,0,VIIRS_NOAA20_SP
24.86784,76.85915,335.8,0.56,0.51,2023-10-09,729,N20,VIIRS,n,2,307.29,4.5,D,0,VIIRS_NOAA20_SP
24.87278,77.01205,336.33,0.54,0.51,2023-10-09,729,N20,VIIRS,n,2,307.25,5.04,D,0,VIIRS_NOAA20_SP
25.24516,81.22216,341.44,0.47,0.4,2023-10-09,729,N20,VIIRS,n,2,303.05,3.45,D,0,VIIRS_NOAA20_SP
25.31406,76.26632,338.86,0.59,0.53,2023-10-09,729,N20,VIIRS,n,2,311.52,3.34,D,0,VIIRS_NOAA20_SP
25.60423,81.3806,336.23,0.46,0.39,2023-10-09,729,N20,VIIRS,n,2,303.75,6.77,D,0,VIIRS_NOAA20_SP
25.60543,81.36634,331.12,0.46,0.39,2023-10-09,729,N20,VIIRS,l,2,304.14,2.08,D,0,VIIRS_NOAA20_SP
25.6419,81.16257,334.41,0.47,0.39,2023-10-09,729,N20,VIIRS,n,2,303.93,2.37,D,0,VIIRS_NOAA20_SP
25.83522,81.22863,343.87,0.46,0.39,2023-10-09,729,N20,VIIRS,n,2,304.81,5.71,D,0,VIIRS_NOAA20_SP
26.04173,80.53652,334.18,0.49,0.4,2023-10-09,729,N20,VIIRS,n,2,303.35,5.69,D,0,VIIRS_NOAA20_SP
25.94094,76.67455,336.46,0.54,0.51,2023-10-09,730,N20,VIIRS,n,2,308.06,3.77,D,0,VIIRS_NOAA20_SP
25.98769,71.79948,330.91,0.54,0.68,2023-10-09,730,N20,VIIRS,l,2,304.21,1.86,D,0,VIIRS_NOAA20_SP
26.25275,78.31228,337.92,0.43,0.46,2023-10-09,730,N20,VIIRS,n,2,307.16,2.53,D,0,VIIRS_NOAA20_SP
26.54295,78.46547,342.03,0.41,0.45,2023-10-09,730,N20,VIIRS,n,2,305.73,3.3,D,0,VIIRS_NOAA20_SP
26.73584,81.33342,330.06,0.45,0.39,2023-10-09,730,N20,VIIRS,n,2,301.84,2.35,D,0,VIIRS_NOAA20_SP
26.92316,79.33357,333.97,0.55,0.43,2023-10-09,730,N20,VIIRS,n,2,303.69,3.28,D,0,VIIRS_NOAA20_SP
27.0109,75.04243,332.7,0.32,0.55,2023-10-09,730,N20,VIIRS,l,2,304.85,1.62,D,0,VIIRS_NOAA20_SP
27.01156,75.04346,336.1,0.32,0.55,2023-10-09,730,N20,VIIRS,n,2,304.03,1.14,D,0,VIIRS_NOAA20_SP
27.10726,79.10845,336.32,0.56,0.43,2023-10-09,730,N20,VIIRS,n,2,303.12,8.85,D,0,VIIRS_NOAA20_SP
27.14509,81.32193,337.82,0.44,0.38,2023-10-09,730,N20,VIIRS,n,2,302.56,5.12,D,0,VIIRS_NOAA20_SP
27.22386,72.33116,331.42,0.47,0.64,2023-10-09,730,N20,VIIRS,l,2,304.9,1.2,D,0,VIIRS_NOAA20_SP
27.23649,78.97686,332.73,0.57,0.43,2023-10-09,730,N20,VIIRS,n,2,302.31,2.5,D,0,VIIRS_NOAA20_SP
27.26329,81.14233,347.39,0.45,0.39,2023-10-09,730,N20,VIIRS,n,2,305.96,14.93,D,0,VIIRS_NOAA20_SP
27.368,70.91386,332.27,0.56,0.69,2023-10-09,730,N20,VIIRS,n,2,300.28,1.43,D,0,VIIRS_NOAA20_SP
27.46746,77.54052,342.04,0.45,0.47,2023-10-09,730,N20,VIIRS,n,2,303.24,5.44,D,0,VIIRS_NOAA20_SP
27.51123,81.52551,339.19,0.43,0.38,2023-10-09,730,N20,VIIRS,n,2,302.85,3.8,D,0,VIIRS_NOAA20_SP
27.92362,77.62355,342.1,0.44,0.46,2023-10-09,730,N20,VIIRS,n,2,304.99,2.2,D,0,VIIRS_NOAA20_SP
27.93913,77.67863,337.86,0.43,0.46,2023-10-09,730,N20,VIIRS,n,2,303.02,3.33,D,0,VIIRS_NOAA20_SP
27.94651,77.49812,342.83,0.44,0.46,2023-10-09,730,N20,VIIRS,n,2,305.23,4.34,D,0,VIIRS_NOAA20_SP
27.9712,77.64326,335.25,0.43,0.46,2023-10-09,730,N20,VIIRS,n,2,304.22,3.07,D,0,VIIRS_NOAA20_SP
27.98207,77.65408,337.06,0.43,0.46,2023-10-09,730,N20,VIIRS,n,2,305.68,3.0,D,0,VIIRS_NOAA20_SP
28.11876,80.14838,347.75,0.48,0.4,2023-10-09,730,N20,VIIRS,n,2,305.67,8.54,D,0,VIIRS_NOAA20_SP
28.19459,77.61944,335.13,0.43,0.46,2023-10-09,730,N20,VIIRS,n,2,302.87,2.87,D,0,VIIRS_NOAA20_SP
28.58805,76.22047,337.54,0.51,0.49,2023-10-09,730,N20,VIIRS,n,2,306.35,3.04,D,0,VIIRS_NOAA20_SP
28.5909,76.22164,337.05,0.51,0.49,2023-10-09,730,N20,VIIRS,n,2,306.59,3.93,D,0,VIIRS_NOAA20_SP
28.77544,79.94071,338.76,0.48,0.4,2023-10-09,730,N20,VIIRS,n,2,302.51,6.28,D,0,VIIRS_NOAA20_SP
28.7818,79.93416,339.44,0.48,0.4,2023-10-09,730,N20,VIIRS,n,2,303.1,7.83,D,0,VIIRS_NOAA20_SP
28.83644,79.86048,333.2,0.48,0.4,2023-10-09,730,N20,VIIRS,n,2,302.67,3.72,D,0,VIIRS_NOAA20_SP
28.83703,79.92625,334.34,0.48,0.4,2023-10-09,730,N20,VIIRS,n,2,302.11,4.9,D,0,VIIRS_NOAA20_SP
28.84646,79.85304,334.29,0.48,0.4,2023-10-09,730,N20,VIIRS,n,2,302.64,2.23,D,0,VIIRS_NOAA20_SP
28.88298,79.84716,335.16,0.48,0.4,2023-10-09,730,N20,VIIRS,n,2,302.51,3.43,D,0,VIIRS_NOAA20_SP
28.89034,79.45058,331.55,0.5,0.41,2023-10-09,730,N20,VIIRS,n,2,301.74,3.54,D,0,VIIRS_NOAA20_SP
28.89104,79.44785,341.88,0.5,0.41,2023-10-09,730,N20,VIIRS,n,2,302.09,7.05,D,0,VIIRS_NOAA20_SP
28.89126,79.78911,332.81,0.49,0.4,2023-10-09,730,N20,VIIRS,n,2,301.29,4.8,D,0,VIIRS_NOAA20_SP
28.89404,79.4497,331.67,0.5,0.41,2023-10-09,730,N20,VIIRS,n,2,301.24,3.54,D,0,VIIRS_NOAA20_SP
28.89749,79.44099,336.42,0.5,0.41,2023-10-09,730,N20,VIIRS,n,2,302.24,6.07,D,0,VIIRS_NOAA20_SP
28.90051,79.44283,342.77,0.5,0.41,2023-10-09,730,N20,VIIRS,n,2,302.45,5.81,D,0,VIIRS_NOAA20_SP
28.94921,79.75727,334.89,0.49,0.4,2023-10-09,730,N20,VIIRS,n,2,303.0,6.12,D,0,VIIRS_NOAA20_SP
28.94962,79.75481,330.16,0.49,0.4,2023-10-09,730,N20,VIIRS,l,2,302.29,6.29,D,0,VIIRS_NOAA20_SP
29.00119,79.45859,334.65,0.5,0.41,2023-10-09,730,N20,VIIRS,n,2,302.08,3.06,D,0,VIIRS_NOAA20_SP
29.30601,76.02971,338.7,0.51,0.49,2023-10-09,730,N20,VIIRS,n,2,302.62,2.88,D,0,VIIRS_NOAA20_SP
29.31363,76.04372,335.77,0.51,0.49,2023-10-09,730,N20,VIIRS,n,2,302.66,5.4,D,0,VIIRS_NOAA20_SP
29.42049,76.55787,333.66,0.47,0.48,2023-10-09,730,N20,VIIRS,n,2,303.29,2.82,D,0,VIIRS_NOAA20_SP
29.43815,76.86116,335.23,0.45,0.47,2023-10-09,730,N20,VIIRS,n,2,302.64,3.61,D,0,VIIRS_NOAA20_SP
28.05007,69.36966,332.11,0.67,0.74,2023-10-09,731,N20,VIIRS,n,2,305.58,4.48,D,0,VIIRS_NOAA20_SP
28.05391,69.36893,330.13,0.67,0.74,2023-10-09,731,N20,VIIRS,n,2,304.74,3.2,D,2,VIIRS_NOAA20_SP
29.30314,76.0278,337.45,0.51,0.49,2023-10-09,731,N20,VIIRS,n,2,303.04,4.07,D,0,VIIRS_NOAA20_SP
29.31086,76.04176,337.77,0.5,0.49,2023-10-09,731,N20,VIIRS,n,2,303.0,3.81,D,0,VIIRS_NOAA20_SP
29.35189,75.97114,331.31,0.51,0.49,2023-10-09,731,N20,VIIRS,n,2,300.77,2.45,D,0,VIIRS_NOAA20_SP
29.37673,68.42529,343.74,0.7,0.75,2023-10-09,731,N20,VIIRS,n,2,313.21,6.32,D,0,VIIRS_NOAA20_SP
29.42214,76.5594,332.7,0.47,0.48,2023-10-09,731,N20,VIIRS,n,2,301.42,1.63,D,0,VIIRS_NOAA20_SP
29.44108,70.47062,353.36,0.53,0.67,2023-10-09,731,N20,VIIRS,n,2,308.41,6.37,D,0,VIIRS_NOAA20_SP
29.44113,70.46973,354.19,0.53,0.67,2023-10-09,731,N20,VIIRS,n,2,308.33,8.3,D,0,VIIRS_NOAA20_SP
29.45181,73.96734,332.76,0.33,0.55,2023-10-09,731,N20,VIIRS,l,2,303.02,1.86,D,0,VIIRS_NOAA20_SP
29.51067,76.08975,330.75,0.5,0.49,2023-10-09,731,N20,VIIRS,n,2,303.23,3.5,D,0,VIIRS_NOAA20_SP
29.58822,75.93723,344.47,0.51,0.49,2023-10-09,731,N20,VIIRS,n,2,303.01,7.71,D,0,VIIRS_NOAA20_SP
29.65565,74.35287,331.63,0.62,0.54,2023-10-09,731,N20,VIIRS,l,2,304.76,2.85,D,0,VIIRS_NOAA20_SP
29.66047,74.35144,344.02,0.62,0.54,2023-10-09,731,N20,VIIRS,n,2,303.62,21.53,D,0,VIIRS_NOAA20_SP
29.67169,75.41319,341.05,0.54,0.51,2023-10-09,731,N20,VIIRS,n,2,301.77,6.99,D,0,VIIRS_NOAA20_SP
29.71175,75.88985,331.49,0.51,0.49,2023-10-09,731,N20,VIIRS,l,2,304.57,4.23,D,0,VIIRS_NOAA20_SP
29.73199,75.2075,337.52,0.55,0.51,2023-10-09,731,N20,VIIRS,n,2,300.56,4.09,D,0,VIIRS_NOAA20_SP
29.81705,76.06556,338.91,0.49,0.49,2023-10-09,731,N20,VIIRS,n,2,301.51,4.9,D,0,VIIRS_NOAA20_SP
29.81898,75.75742,341.05,0.51,0.49,2023-10-09,731,N20,VIIRS,n,2,302.43,8.17,D,0,VIIRS_NOAA20_SP
29.8549,76.61958,332.33,0.46,0.47,2023-10-09,731,N20,VIIRS,n,2,305.04,3.41,D,0,VIIRS_NOAA20_SP
29.86426,75.94449,336.81,0.5,0.49,2023-10-09,731,N20,VIIRS,n,2,299.95,4.72,D,0,VIIRS_NOAA20_SP
29.9176,76.32623,343.02,0.47,0.48,2023-10-09,731,N20,VIIRS,n,2,303.82,6.05,D,0,VIIRS_NOAA20_SP
29.91783,76.92702,342.91,0.44,0.46,2023-10-09,731,N20,VIIRS,n,2,300.81,8.37,D,0,VIIRS_NOAA20_SP
29.91828,76.32378,339.7,0.47,0.48,2023-10-09,731,N20,VIIRS,n,2,305.18,7.46,D,0,VIIRS_NOAA20_SP
29.9193,76.32856,340.68,0.47,0.48,2023-10-09,731,N20,VIIRS,n,2,302.49,7.46,D,0,VIIRS_NOAA20_SP
29.92189,76.32504,345.68,0.47,0.48,2023-10-09,731,N20,VIIRS,n,2,303.11,6.05,D,0,VIIRS_NOAA20_SP
29.93339,70.16466,335.91,0.54,0.68,2023-10-09,731,N20,VIIRS,n,2,307.57,2.56,D,0,VIIRS_NOAA20_SP
29.94123,71.45059,331.4,0.46,0.63,2023-10-09,731,N20,VIIRS,l,2,301.6,3.54,D,0,VIIRS_NOAA20_SP
29.94705,71.86706,338.31,0.43,0.62,2023-10-09,731,N20,VIIRS,n,2,303.3,4.65,D,0,VIIRS_NOAA20_SP
29.97415,70.049,342.47,0.55,0.68,2023-10-09,731,N20,VIIRS,n,2,305.54,5.05,D,0,VIIRS_NOAA20_SP
29.97518,70.04985,342.25,0.55,0.68,2023-10-09,731,N20,VIIRS,n,2,304.8,4.89,D,0,VIIRS_NOAA20_SP
30.01869,70.04353,337.99,0.55,0.68,2023-10-09,731,N20,VIIRS,n,2,306.12,6.11,D,0,VIIRS_NOAA20_SP
30.0514,72.72,341.56,0.38,0.59,2023-10-09,731,N20,VIIRS,n,2,302.41,3.1,D,0,VIIRS_NOAA20_SP
30.08241,76.01972,334.47,0.49,0.48,2023-10-09,731,N20,VIIRS,n,2,298.74,4.16,D,0,VIIRS_NOAA20_SP
30.126,77.04045,335.95,0.43,0.46,2023-10-09,731,N20,VIIRS,n,2,297.55,3.92,D,0,VIIRS_NOAA20_SP
30.17406,68.85365,339.92,0.64,0.72,2023-10-09,731,N20,VIIRS,n,2,310.61,4.63,D,0,VIIRS_NOAA20_SP
30.20581,69.2263,339.18,0.61,0.71,2023-10-09,731,N20,VIIRS,n,2,304.68,7.52,D,0,VIIRS_NOAA20_SP
30.2143,73.21954,330.38,0.35,0.57,2023-10-09,731,N20,VIIRS,l,2,301.25,2.75,D,0,VIIRS_NOAA20_SP
30.21541,73.21877,330.42,0.35,0.57,2023-10-09,731,N20,VIIRS,n,2,300.7,2.94,D,0,VIIRS_NOAA20_SP
30.22289,76.76329,335.51,0.44,0.46,2023-10-09,731,N20,VIIRS,n,2,300.61,3.11,D,0,VIIRS_NOAA20_SP
30.23186,76.76288,332.6,0.44,0.46,2023-10-09,731,N20,VIIRS,n,2,300.05,4.61,D,0,VIIRS_NOAA20_SP
30.23627,77.23151,344.27,0.41,0.45,2023-10-09,731,N20,VIIRS,n,2,303.48,5.04,D,0,VIIRS_NOAA20_SP
30.24017,76.50628,342.12,0.45,0.47,2023-10-09,731,N20,VIIRS,n,2,298.65,2.0,D,0,VIIRS_NOAA20_SP
30.24483,76.17793,332.85,0.47,0.48,2023-10-09,731,N20,VIIRS,n,2,300.74,3.24,D,0,VIIRS_NOAA20_SP
30.26522,73.29047,335.96,0.35,0.57,2023-10-09,731,N20,VIIRS,n,2,299.96,2.4,D,0,VIIRS_NOAA20_SP
30.29071,77.14101,330.41,0.42,0.45,2023-10-09,731,N20,VIIRS,l,2,301.96,3.66,D,0,VIIRS_NOAA20_SP
30.29129,77.03687,330.25,0.42,0.46,2023-10-09,731,N20,VIIRS,n,2,300.86,3.14,D,0,VIIRS_NOAA20_SP
30.30908,68.27191,340.27,0.68,0.74,2023-10-09,731,N20,VIIRS,n,2,305.24,6.14,D,0,VIIRS_NOAA20_SP
30.41104,77.34039,339.32,0.41,0.45,2023-10-09,731,N20,VIIRS,n,2,301.77,3.92,D,0,VIIRS_NOAA20_SP
30.41312,73.80684,350.52,0.32,0.55,2023-10-09,731,N20,VIIRS,n,2,299.6,3.08,D,0,VIIRS_NOAA20_SP
30.49982,73.56727,333.56,0.33,0.55,2023-10-09,731,N20,VIIRS,n,2,299.62,2.53,D,0,VIIRS_NOAA20_SP
30.50479,73.6799,348.9,0.33,0.55,2023-10-09,731,N20,VIIRS,n,2,301.08,6.15,D,0,VIIRS_NOAA20_SP
30.50555,73.68321,367.0,0.33,0.55,2023-10-09,731,N20,VIIRS,h,2,301.02,6.15,D,0,VIIRS_NOAA20_SP
30.50957,73.63226,330.85,0.33,0.55,2023-10-09,731,N20,VIIRS,n,2,299.93,1.38,D,0,VIIRS_NOAA20_SP
30.51057,73.72752,331.86,0.32,0.55,2023-10-09,731,N20,VIIRS,n,2,300.14,1.47,D,0,VIIRS_NOAA20_SP
30.51384,76.72231,341.8,0.44,0.46,2023-10-09,731,N20,VIIRS,n,2,299.09,7.58,D,0,VIIRS_NOAA20_SP
30.53103,77.12095,339.07,0.42,0.45,2023-10-09,731,N20,VIIRS,n,2,304.9,4.05,D,0,VIIRS_NOAA20_SP
30.53164,73.59413,342.54,0.33,0.55,2023-10-09,731,N20,VIIRS,n,2,300.89,3.62,D,0,VIIRS_NOAA20_SP
30.53225,73.59306,347.83,0.33,0.55,2023-10-09,731,N20,VIIRS,n,2,301.84,4.53,D,0,VIIRS_NOAA20_SP
30.53263,77.12341,331.74,0.42,0.45,2023-10-09,731,N20,VIIRS,l,2,303.94,5.56,D,0,VIIRS_NOAA20_SP
30.54064,75.06825,338.16,0.54,0.51,2023-10-09,731,N20,VIIRS,n,2,297.94,6.1,D,0,VIIRS_NOAA20_SP
30.54599,73.63249,332.11,0.33,0.55,2023-10-09,731,N20,VIIRS,n,2,299.71,2.59,D,0,VIIRS_NOAA20_SP
30.54635,73.63152,341.5,0.33,0.55,2023-10-09,731,N20,VIIRS,n,2,300.27,3.05,D,0,VIIRS_NOAA20_SP
30.56077,73.69512,338.34,0.33,0.55,2023-10-09,731,N20,VIIRS,n,2,299.69,4.42,D,0,VIIRS_NOAA20_SP
30.56148,73.69767,346.34,0.33,0.55,2023-10-09,731,N20,VIIRS,n,2,299.11,3.83,D,0,VIIRS_NOAA20_SP
30.56298,73.70425,331.31,0.33,0.55,2023-10-09,731,N20,VIIRS,n,2,299.75,1.64,D,0,VIIRS_NOAA20_SP
30.56894,73.98045,335.18,0.63,0.54,2023-10-09,731,N20,VIIRS,n,2,298.26,6.37,D,0,VIIRS_NOAA20_SP
30.59114,77.03751,341.58,0.42,0.45,2023-10-09,731,N20,VIIRS,n,2,304.26,7.69,D,0,VIIRS_NOAA20_SP
30.625,73.74543,340.03,0.32,0.55,2023-10-09,731,N20,VIIRS,n,2,298.95,5.16,D,0,VIIRS_NOAA20_SP
30.62539,73.7697,344.74,0.32,0.55,2023-10-09,731,N20,VIIRS,n,2,298.76,3.54,D,0,VIIRS_NOAA20_SP
30.62714,74.81364,341.04,0.56,0.51,2023-10-09,731,N20,VIIRS,n,2,298.38,6.29,D,0,VIIRS_NOAA20_SP
30.68967,75.70502,335.0,0.49,0.49,2023-10-09,731,N20,VIIRS,n,2,298.04,5.03,D,0,VIIRS_NOAA20_SP
30.70219,73.92301,340.05,0.63,0.54,2023-10-09,731,N20,VIIRS,n,2,296.22,4.8,D,0,VIIRS_NOAA20_SP
30.70398,73.92201,340.88,0.63,0.54,2023-10-09,731,N20,VIIRS,n,2,298.19,6.37,D,0,VIIRS_NOAA20_SP
30.71894,73.62835,330.83,0.33,0.55,2023-10-09,731,N20,VIIRS,n,2,298.31,1.45,D,0,VIIRS_NOAA20_SP
30.74912,73.62245,335.54,0.33,0.55,2023-10-09,731,N20,VIIRS,n,2,297.83,3.11,D,0,VIIRS_NOAA20_SP
30.75793,73.23087,341.19,0.34,0.56,2023-10-09,731,N20,VIIRS,n,2,299.5,2.54,D,0,VIIRS_NOAA20_SP
30.7739,73.73043,350.54,0.32,0.55,2023-10-09,731,N20,VIIRS,n,2,299.11,4.78,D,0,VIIRS_NOAA20_SP
30.79396,73.38529,367.0,0.34,0.56,2023-10-09,731,N20,VIIRS,h,2,302.12,8.97,D,0,VIIRS_NOAA20_SP
30.80337,76.28993,343.92,0.46,0.47,2023-10-09,731,N20,VIIRS,n,2,299.92,5.6,D,0,VIIRS_NOAA20_SP
30.80571,76.28696,333.73,0.46,0.47,2023-10-09,731,N20,VIIRS,n,2,300.35,4.6,D,0,VIIRS_NOAA20_SP
30.8067,76.29162,335.61,0.46,0.47,2023-10-09,731,N20,VIIRS,n,2,299.87,4.82,D,0,VIIRS_NOAA20_SP
30.89296,73.42674,330.35,0.33,0.55,2023-10-09,731,N20,VIIRS,n,2,297.93,2.04,D,0,VIIRS_NOAA20_SP
30.98995,74.15188,340.75,0.6,0.53,2023-10-09,731,N20,VIIRS,n,2,294.77,10.86,D,0,VIIRS_NOAA20_SP
31.09803,75.18645,337.58,0.52,0.5,2023-10-09,731,N20,VIIRS,n,2,299.35,7.34,D,0,VIIRS_NOAA20_SP
31.21786,74.98759,339.91,0.53,0.5,2023-10-09,731,N20,VIIRS,n,2,299.33,4.37,D,0,VIIRS_NOAA20_SP
31.25668,75.03347,343.1,0.53,0.5,2023-10-09,731,N20,VIIRS,n,2,296.03,6.65,D,0,VIIRS_NOAA20_SP
31.48231,74.60103,344.9,0.55,0.51,2023-10-09,731,N20,VIIRS,n,2,299.86,11.4,D,0,VIIRS_NOAA20_SP
31.49727,74.60249,334.99,0.55,0.51,2023-10-09,731,N20,VIIRS,n,2,296.98,8.11,D,0,VIIRS_NOAA20_SP
31.54908,74.61665,333.37,0.55,0.51,2023-10-09,731,N20,VIIRS,n,2,297.33,4.56,D,0,VIIRS_NOAA20_SP
31.54981,74.56125,333.05,0.55,0.51,2023-10-09,731,N20,VIIRS,n,2,298.27,5.5,D,0,VIIRS_NOAA20_SP
31.57644,75.13371,340.79,0.51,0.49,2023-10-09,731,N20,VIIRS,n,2,300.33,5.85,D,0,VIIRS_NOAA20_SP
31.63976,72.88777,333.8,0.34,0.56,2023-10-09,731,N20,VIIRS,n,2,296.96,2.48,D,0,VIIRS_NOAA20_SP
31.68155,73.64674,332.81,0.62,0.54,2023-10-09,731,N20,VIIRS,n,2,298.62,3.98,D,0,VIIRS_NOAA20_SP
31.69701,73.88819,339.12,0.6,0.53,2023-10-09,731,N20,VIIRS,n,2,297.06,3.57,D,0,VIIRS_NOAA20_SP
31.69839,73.88931,335.64,0.6,0.53,2023-10-09,731,N20,VIIRS,n,2,296.53,6.33,D,0,VIIRS_NOAA20_SP
31.73013,74.93729,337.12,0.52,0.5,2023-10-09,731,N20,VIIRS,n,2,299.32,4.67,D,0,VIIRS_NOAA20_SP
31.7316,74.96519,336.0,0.52,0.5,2023-10-09,731,N20,VIIRS,n,2,298.06,2.32,D,0,VIIRS_NOAA20_SP
31.73569,74.98902,333.21,0.52,0.5,2023-10-09,731,N20,VIIRS,n,2,295.78,2.44,D,0,VIIRS_NOAA20_SP
31.73697,75.01682,332.31,0.51,0.5,2023-10-09,731,N20,VIIRS,n,2,298.77,5.08,D,0,VIIRS_NOAA20_SP
31.73902,74.37714,338.96,0.56,0.51,2023-10-09,731,N20,VIIRS,n,2,298.69,4.28,D,0,VIIRS_NOAA20_SP
31.74965,73.71947,335.65,0.61,0.53,2023-10-09,731,N20,VIIRS,n,2,297.71,4.24,D,0,VIIRS_NOAA20_SP
31.78125,73.08541,342.1,0.33,0.55,2023-10-09,731,N20,VIIRS,n,2,298.39,3.44,D,0,VIIRS_NOAA20_SP
31.79151,74.23734,333.14,0.57,0.52,2023-10-09,731,N20,VIIRS,n,2,299.04,4.52,D,0,VIIRS_NOAA20_SP
31.80999,74.07246,339.07,0.58,0.52,2023-10-09,731,N20,VIIRS,n,2,298.26,7.27,D,0,VIIRS_NOAA20_SP
31.82475,74.31192,331.32,0.56,0.52,2023-10-09,731,N20,VIIRS,n,2,299.04,5.45,D,0,VIIRS_NOAA20_SP
31.85985,73.65054,333.7,0.61,0.54,2023-10-09,731,N20,VIIRS,n,2,296.34,11.71,D,0,VIIRS_NOAA20_SP
31.86222,73.64842,336.93,0.61,0.54,2023-10-09,731,N20,VIIRS,n,2,296.81,6.76,D,0,VIIRS_NOAA20_SP
31.87721,73.51492,330.53,0.62,0.54,2023-10-09,731,N20,VIIRS,n,2,298.04,6.63,D,0,VIIRS_NOAA20_SP
31.88386,73.6751,333.55,0.61,0.53,2023-10-09,731,N20,VIIRS,n,2,297.05,6.42,D,0,VIIRS_NOAA20_SP
31.88606,73.67576,342.5,0.61,0.53,2023-10-09,731,N20,VIIRS,n,2,297.81,8.07,D,0,VIIRS_NOAA20_SP
31.89658,74.07631,341.1,0.58,0.52,2023-10-09,731,N20,VIIRS,n,2,295.29,15.83,D,0,VIIRS_NOAA20_SP
31.96985,73.8265,333.26,0.59,0.53,2023-10-09,731,N20,VIIRS,n,2,293.13,5.93,D,0,VIIRS_NOAA20_SP
32.03947,73.75792,340.25,0.6,0.53,2023-10-09,731,N20,VIIRS,n,2,297.24,7.92,D,0,VIIRS_NOAA20_SP
32.05695,74.27402,340.61,0.56,0.51,2023-10-09,731,N20,VIIRS,n,2,298.61,4.56,D,0,VIIRS_NOAA20_SP
32.19091,72.30249,352.44,0.36,0.57,2023-10-09,731,N20,VIIRS,n,2,296.59,4.02,D,0,VIIRS_NOAA20_SP
32.1992,74.91029,339.2,0.51,0.49,2023-10-09,731,N20,VIIRS,n,2,298.74,5.25,D,0,VIIRS_NOAA20_SP
32.23767,73.65823,332.32,0.6,0.53,2023-10-09,731,N20,VIIRS,n,2,297.15,6.42,D,0,VIIRS_NOAA20_SP
32.24736,74.28953,337.71,0.55,0.51,2023-10-09,731,N20,VIIRS,n,2,298.43,6.5,D,0,VIIRS_NOAA20_SP
32.25,74.29219,341.79,0.55,0.51,2023-10-09,731,N20,VIIRS,n,2,299.12,7.08,D,0,VIIRS_NOAA20_SP
32.25269,74.2269,330.84,0.56,0.51,2023-10-09,731,N20,VIIRS,n,2,296.49,2.09,D,0,VIIRS_NOAA20_SP
33.58691,70.99792,331.92,0.39,0.6,2023-10-09,732,N20,VIIRS,n,2,293.63,3.48,D,0,VIIRS_NOAA20_SP
34.26496,74.93771,340.63,0.46,0.47,2023-10-09,732,N20,VIIRS,n,2,297.8,6.55,D,0,VIIRS_NOAA20_SP
34.26719,74.94029,340.69,0.46,0.47,2023-10-09,732,N20,VIIRS,n,2,302.21,13.79,D,0,VIIRS_NOAA20_SP
34.26952,74.93797,343.84,0.46,0.47,2023-10-09,732,N20,VIIRS,n,2,293.22,6.55,D,0,VIIRS_NOAA20_SP
10.88856,77.0256,328.44,0.79,0.78,2023-10-09,906,N20,VIIRS,n,2,288.5,3.44,D,0,VIIRS_NOAA20_SP
19.28175,71.43284,333.34,0.42,0.61,2023-10-09,908,N20,VIIRS,n,2,296.02,33.4,D,3,VIIRS_NOAA20_SP
19.28213,71.43691,281.59,0.43,0.62,2023-10-09,908,N20,VIIRS,l,2,301.61,33.4,D,3,VIIRS_NOAA20_SP
19.2825,71.441,367.0,0.43,0.62,2023-10-09,908,N20,VIIRS,h,2,295.68,43.71,D,3,VIIRS_NOAA20_SP
19.56644,71.35573,353.15,0.42,0.61,2023-10-09,908,N20,VIIRS,n,2,296.91,9.63,D,3,VIIRS_NOAA20_SP
19.56683,71.35979,337.33,0.42,0.61,2023-10-09,908,N20,VIIRS,n,2,295.48,9.63,D,3,VIIRS_NOAA20_SP
20.93737,70.5295,343.35,0.39,0.59,2023-10-09,909,N20,VIIRS,n,2,303.54,3.56,D,0,VIIRS_NOAA20_SP
21.09999,72.6388,332.06,0.53,0.67,2023-10-09,909,N20,VIIRS,l,2,302.81,9.1,D,0,VIIRS_NOAA20_SP
21.40681,70.59823,338.03,0.4,0.6,2023-10-09,909,N20,VIIRS,n,2,301.67,1.96,D,0,VIIRS_NOAA20_SP
21.76944,70.60109,335.93,0.4,0.6,2023-10-09,909,N20,VIIRS,n,2,304.38,1.96,D,0,VIIRS_NOAA20_SP
21.76995,70.60162,335.34,0.4,0.6,2023-10-09,909,N20,VIIRS,n,2,304.25,1.57,D,0,VIIRS_NOAA20_SP
22.31326,69.8636,334.44,0.36,0.58,2023-10-09,909,N20,VIIRS,n,2,301.45,1.72,D,0,VIIRS_NOAA20_SP
22.92367,70.10679,367.0,0.38,0.59,2023-10-09,909,N20,VIIRS,h,2,305.31,11.35,D,0,VIIRS_NOAA20_SP
22.924,70.11055,331.19,0.38,0.59,2023-10-09,909,N20,VIIRS,n,2,302.44,9.4,D,0,VIIRS_NOAA20_SP
23.50489,70.31239,347.18,0.4,0.6,2023-10-09,910,N20,VIIRS,n,2,302.22,5.79,D,0,VIIRS_NOAA20_SP
23.78136,72.25447,344.67,0.54,0.68,2023-10-09,910,N20,VIIRS,n,2,300.44,4.7,D,0,VIIRS_NOAA20_SP
23.78382,72.25741,335.21,0.54,0.68,2023-10-09,910,N20,VIIRS,n,2,299.96,5.16,D,0,VIIRS_NOAA20_SP
25.52386,68.40675,334.36,0.32,0.55,2023-10-09,910,N20,VIIRS,l,2,309.11,3.45,D,0,VIIRS_NOAA20_SP
25.56937,68.5129,367.0,0.33,0.55,2023-10-09,910,N20,VIIRS,h,2,308.28,6.84,D,0,VIIRS_NOAA20_SP
25.63079,69.44029,331.3,0.37,0.58,2023-10-09,910,N20,VIIRS,l,2,303.61,1.51,D,0,VIIRS_NOAA20_SP
25.6438,69.27853,332.43,0.36,0.58,2023-10-09,910,N20,VIIRS,l,2,305.73,1.25,D,0,VIIRS_NOAA20_SP
25.76115,68.80122,334.93,0.34,0.56,2023-10-09,910,N20,VIIRS,l,2,309.5,2.19,D,0,VIIRS_NOAA20_SP
26.32105,68.83984,342.7,0.35,0.57,2023-10-09,910,N20,VIIRS,n,2,313.73,4.14,D,0,VIIRS_NOAA20_SP
26.34377,68.79874,335.91,0.35,0.56,2023-10-09,910,N20,VIIRS,n,2,310.9,2.0,D,0,VIIRS_NOAA20_SP
26.38363,68.40191,343.71,0.33,0.55,2023-10-09,910,N20,VIIRS,n,2,314.71,1.64,D,0,VIIRS_NOAA20_SP
28.05276,69.37239,349.47,0.39,0.59,2023-10-09,911,N20,VIIRS,n,2,308.82,4.19,D,2,VIIRS_NOAA20_SP
28.98016,70.57523,333.65,0.48,0.64,2023-10-09,911,N20,VIIRS,l,2,306.42,3.54,D,0,VIIRS_NOAA20_SP
29.29295,68.04291,367.0,0.34,0.56,2023-10-09,911,N20,VIIRS,h,2,317.57,18.06,D,0,VIIRS_NOAA20_SP
29.3763,68.43233,367.0,0.35,0.57,2023-10-09,911,N20,VIIRS,h,2,314.81,6.37,D,0,VIIRS_NOAA20_SP
29.80252,70.8044,343.46,0.5,0.66,2023-10-09,911,N20,VIIRS,n,2,312.06,5.59,D,0,VIIRS_NOAA20_SP
29.80354,70.80625,346.38,0.5,0.66,2023-10-09,911,N20,VIIRS,n,2,311.74,6.68,D,0,VIIRS_NOAA20_SP
29.95852,72.61086,332.14,0.64,0.72,2023-10-09,911,N20,VIIRS,n,2,300.12,10.5,D,0,VIIRS_NOAA20_SP
29.9588,72.61765,346.13,0.64,0.72,2023-10-09,911,N20,VIIRS,n,2,299.59,11.61,D,0,VIIRS_NOAA20_SP
29.96249,72.6171,350.2,0.64,0.72,2023-10-09,911,N20,VIIRS,n,2,299.25,14.28,D,0,VIIRS_NOAA20_SP
30.01516,70.05055,335.25,0.45,0.63,2023-10-09,911,N20,VIIRS,l,2,310.14,3.09,D,0,VIIRS_NOAA20_SP
30.18462,69.19582,344.12,0.4,0.6,2023-10-09,912,N20,VIIRS,n,2,309.03,2.74,D,0,VIIRS_NOAA20_SP
30.62513,73.88265,338.14,0.78,0.78,2023-10-09,912,N20,VIIRS,n,2,298.35,9.1,D,0,VIIRS_NOAA20_SP
30.62983,73.88059,338.71,0.77,0.78,2023-10-09,912,N20,VIIRS,n,2,297.76,7.58,D,0,VIIRS_NOAA20_SP
30.92646,69.86636,345.38,0.45,0.63,2023-10-09,912,N20,VIIRS,n,2,308.6,3.23,D,0,VIIRS_NOAA20_SP
29.65874,90.89713,300.38,0.45,0.39,2023-10-09,1954,N20,VIIRS,n,2,278.29,0.66,N,2,VIIRS_NOAA20_SP
32.09052,74.16149,297.59,0.59,0.7,2023-10-09,1954,N20,VIIRS,n,2,287.45,0.47,N,0,VIIRS_NOAA20_SP
29.44135,76.87244,303.57,0.38,0.59,2023-10-09,1955,N20,VIIRS,n,2,292.5,0.52,N,0,VIIRS_NOAA20_SP
29.45859,76.86224,306.7,0.38,0.59,2023-10-09,1955,N20,VIIRS,n,2,293.0,1.14,N,2,VIIRS_NOAA20_SP
22.36767,87.30173,310.37,0.4,0.37,2023-10-09,1956,N20,VIIRS,n,2,297.65,1.91,N,2,VIIRS_NOAA20_SP
22.36832,87.29787,330.28,0.4,0.37,2023-10-09,1956,N20,VIIRS,n,2,298.09,1.91,N,2,VIIRS_NOAA20_SP
22.37829,87.27983,321.67,0.4,0.37,2023-10-09,1956,N20,VIIRS,n,2,298.75,2.21,N,2,VIIRS_NOAA20_SP
22.3877,87.28564,309.46,0.4,0.37,2023-10-09,1956,N20,VIIRS,n,2,297.57,0.81,N,0,VIIRS_NOAA20_SP
22.53471,91.70068,303.57,0.43,0.46,2023-10-09,1956,N20,VIIRS,n,2,292.31,1.61,N,2,VIIRS_NOAA20_SP
22.78368,86.20312,310.24,0.39,0.36,2023-10-09,1956,N20,VIIRS,n,2,298.7,1.38,N,2,VIIRS_NOAA20_SP
22.78697,86.20372,315.82,0.39,0.36,2023-10-09,1956,N20,VIIRS,n,2,299.6,1.35,N,2,VIIRS_NOAA20_SP
22.79026,86.20434,313.57,0.39,0.36,2023-10-09,1956,N20,VIIRS,n,2,298.98,1.35,N,2,VIIRS_NOAA20_SP
22.79086,86.20062,312.92,0.39,0.36,2023-10-09,1956,N20,VIIRS,n,2,298.53,1.35,N,2,VIIRS_NOAA20_SP
22.79145,86.19691,318.22,0.39,0.36,2023-10-09,1956,N20,VIIRS,n,2,300.29,2.61,N,2,VIIRS_NOAA20_SP
22.79684,86.20557,334.37,0.39,0.36,2023-10-09,1956,N20,VIIRS,n,2,298.63,3.92,N,2,VIIRS_NOAA20_SP
22.85791,86.05628,310.73,0.38,0.36,2023-10-09,1956,N20,VIIRS,n,2,296.51,1.04,N,2,VIIRS_NOAA20_SP
22.87376,86.06303,317.73,0.38,0.36,2023-10-09,1956,N20,VIIRS,n,2,297.48,1.24,N,2,VIIRS_NOAA20_SP
23.16845,82.34196,306.85,0.47,0.4,2023-10-09,1956,N20,VIIRS,n,2,295.83,1.05,N,2,VIIRS_NOAA20_SP
23.16906,82.33743,308.86,0.47,0.4,2023-10-09,1956,N20,VIIRS,n,2,294.78,1.06,N,2,VIIRS_NOAA20_SP
23.54942,86.5434,308.68,0.39,0.36,2023-10-09,1956,N20,VIIRS,n,2,296.83,0.71,N,2,VIIRS_NOAA20_SP
23.55077,87.24555,312.43,0.4,0.37,2023-10-09,1956,N20,VIIRS,n,2,297.58,0.93,N,3,VIIRS_NOAA20_SP
23.5514,87.24172,308.18,0.4,0.37,2023-10-09,1956,N20,VIIRS,n,2,297.37,0.93,N,3,VIIRS_NOAA20_SP
23.55473,87.24237,309.89,0.4,0.37,2023-10-09,1956,N20,VIIRS,n,2,297.88,0.93,N,3,VIIRS_NOAA20_SP
23.56388,87.08258,308.51,0.39,0.36,2023-10-09,1956,N20,VIIRS,n,2,296.82,0.39,N,0,VIIRS_NOAA20_SP
23.60666,87.15277,308.75,0.39,0.36,2023-10-09,1956,N20,VIIRS,n,2,296.7,0.93,N,2,VIIRS_NOAA20_SP
23.61481,86.79153,316.44,0.39,0.36,2023-10-09,1956,N20,VIIRS,n,2,297.52,1.02,N,2,VIIRS_NOAA20_SP
23.61543,86.78773,308.65,0.39,0.36,2023-10-09,1956,N20,VIIRS,n,2,297.49,1.17,N,2,VIIRS_NOAA20_SP
23.628,86.28795,316.23,0.38,0.36,2023-10-09,1956,N20,VIIRS,n,2,295.98,1.19,N,2,VIIRS_NOAA20_SP
23.64922,85.56694,306.56,0.39,0.36,2023-10-09,1956,N20,VIIRS,n,2,295.76,0.77,N,2,VIIRS_NOAA20_SP
23.6532,87.24464,307.89,0.4,0.37,2023-10-09,1956,N20,VIIRS,n,2,296.65,0.59,N,0,VIIRS_NOAA20_SP
23.66594,86.91727,309.54,0.39,0.36,2023-10-09,1956,N20,VIIRS,n,2,297.49,0.85,N,2,VIIRS_NOAA20_SP
23.66774,84.99854,306.86,0.39,0.36,2023-10-09,1956,N20,VIIRS,n,2,295.35,0.78,N,2,VIIRS_NOAA20_SP
23.6681,86.41866,307.52,0.39,0.36,2023-10-09,1956,N20,VIIRS,n,2,296.42,0.93,N,2,VIIRS_NOAA20_SP
23.66924,86.09205,308.85,0.38,0.36,2023-10-09,1956,N20,VIIRS,n,2,296.77,1.08,N,2,VIIRS_NOAA20_SP
23.66925,86.9179,309.5,0.39,0.36,2023-10-09,1956,N20,VIIRS,n,2,297.39,0.85,N,2,VIIRS_NOAA20_SP
23.67139,86.41927,312.01,0.39,0.36,2023-10-09,1956,N20,VIIRS,n,2,297.41,1.48,N,2,VIIRS_NOAA20_SP
23.67698,86.08583,323.21,0.38,0.36,2023-10-09,1956,N20,VIIRS,n,2,298.39,2.41,N,2,VIIRS_NOAA20_SP
23.67827,86.39746,317.23,0.39,0.36,2023-10-09,1956,N20,VIIRS,n,2,299.37,1.88,N,2,VIIRS_NOAA20_SP
23.68215,86.39433,313.37,0.39,0.36,2023-10-09,1956,N20,VIIRS,n,2,297.19,1.73,N,2,VIIRS_NOAA20_SP
23.68237,86.09452,346.38,0.38,0.36,2023-10-09,1956,N20,VIIRS,n,2,298.03,6.59,N,2,VIIRS_NOAA20_SP
23.68275,86.3906,308.91,0.39,0.36,2023-10-09,1956,N20,VIIRS,n,2,297.95,1.77,N,2,VIIRS_NOAA20_SP
23.68415,86.08331,307.74,0.38,0.36,2023-10-09,1956,N20,VIIRS,n,2,296.7,0.91,N,2,VIIRS_NOAA20_SP
23.68544,86.39495,327.73,0.39,0.36,2023-10-09,1956,N20,VIIRS,n,2,298.07,1.73,N,2,VIIRS_NOAA20_SP
23.68604,86.39122,326.56,0.39,0.36,2023-10-09,1956,N20,VIIRS,n,2,298.29,1.77,N,2,VIIRS_NOAA20_SP
23.68722,87.12115,313.27,0.39,0.36,2023-10-09,1956,N20,VIIRS,n,2,296.97,1.32,N,2,VIIRS_NOAA20_SP
23.68993,86.3881,316.01,0.39,0.36,2023-10-09,1956,N20,VIIRS,n,2,299.59,2.4,N,2,VIIRS_NOAA20_SP
23.69053,87.1218,315.08,0.39,0.36,2023-10-09,1956,N20,VIIRS,n,2,297.72,1.32,N,2,VIIRS_NOAA20_SP
23.69096,87.09828,317.76,0.39,0.36,2023-10-09,1956,N20,VIIRS,n,2,298.17,1.59,N,2,VIIRS_NOAA20_SP
23.69241,87.11035,310.27,0.39,0.36,2023-10-09,1956,N20,VIIRS,n,2,296.98,1.02,N,2,VIIRS_NOAA20_SP
23.69363,90.50961,307.49,0.52,0.42,2023-10-09,1956,N20,VIIRS,n,2,295.96,1.04,N,2,VIIRS_NOAA20_SP
23.69385,87.12243,318.11,0.39,0.36,2023-10-09,1956,N20,VIIRS,n,2,298.57,2.11,N,2,VIIRS_NOAA20_SP
23.6951,87.11481,308.35,0.39,0.36,2023-10-09,1956,N20,VIIRS,n,2,297.01,0.73,N,2,VIIRS_NOAA20_SP
23.70293,86.07144,314.26,0.38,0.36,2023-10-09,1956,N20,VIIRS,n,2,295.61,0.92,N,2,VIIRS_NOAA20_SP
23.71574,86.44217,312.32,0.39,0.36,2023-10-09,1956,N20,VIIRS,n,2,296.72,1.57,N,2,VIIRS_NOAA20_SP
23.71843,86.44653,315.19,0.39,0.36,2023-10-09,1956,N20,VIIRS,n,2,301.13,2.45,N,2,VIIRS_NOAA20_SP
23.71903,86.44279,316.14,0.39,0.36,2023-10-09,1956,N20,VIIRS,n,2,298.16,1.57,N,2,VIIRS_NOAA20_SP
23.72069,85.00764,310.02,0.39,0.36,2023-10-09,1956,N20,VIIRS,n,2,295.14,1.04,N,2,VIIRS_NOAA20_SP
23.72172,86.44715,317.06,0.39,0.36,2023-10-09,1956,N20,VIIRS,n,2,300.99,3.11,N,2,VIIRS_NOAA20_SP
23.72621,86.44029,317.84,0.39,0.36,2023-10-09,1956,N20,VIIRS,n,2,297.96,2.97,N,2,VIIRS_NOAA20_SP
23.7326,86.75877,317.45,0.39,0.36,2023-10-09,1956,N20,VIIRS,n,2,297.2,1.01,N,2,VIIRS_NOAA20_SP
23.73783,85.00681,309.84,0.39,0.36,2023-10-09,1956,N20,VIIRS,n,2,295.49,0.83,N,2,VIIRS_NOAA20_SP
23.74566,86.42468,308.54,0.39,0.36,2023-10-09,1956,N20,VIIRS,n,2,296.89,2.56,N,2,VIIRS_NOAA20_SP
23.74679,85.50712,308.74,0.39,0.36,2023-10-09,1956,N20,VIIRS,n,2,295.82,0.68,N,2,VIIRS_NOAA20_SP
23.75015,86.41781,313.02,0.39,0.36,2023-10-09,1956,N20,VIIRS,n,2,298.23,1.57,N,2,VIIRS_NOAA20_SP
23.75344,86.41843,312.26,0.39,0.36,2023-10-09,1956,N20,VIIRS,n,2,297.52,1.96,N,2,VIIRS_NOAA20_SP
23.75583,86.40347,308.71,0.39,0.36,2023-10-09,1956,N20,VIIRS,n,2,296.71,2.86,N,2,VIIRS_NOAA20_SP
23.75702,86.396,317.28,0.39,0.36,2023-10-09,1956,N20,VIIRS,n,2,296.96,1.73,N,2,VIIRS_NOAA20_SP
23.75719,85.855,311.83,0.38,0.36,2023-10-09,1956,N20,VIIRS,n,2,297.92,2.54,N,2,VIIRS_NOAA20_SP
23.75777,85.85126,309.16,0.38,0.36,2023-10-09,1956,N20,VIIRS,n,2,296.45,1.25,N,2,VIIRS_NOAA20_SP
23.75912,86.40409,336.69,0.39,0.36,2023-10-09,1956,N20,VIIRS,n,2,298.49,2.86,N,2,VIIRS_NOAA20_SP
23.75972,86.40035,336.2,0.39,0.36,2023-10-09,1956,N20,VIIRS,n,2,299.89,2.86,N,2,VIIRS_NOAA20_SP
23.76062,86.41592,308.92,0.39,0.36,2023-10-09,1956,N20,VIIRS,n,2,296.82,1.32,N,2,VIIRS_NOAA20_SP
23.76091,86.39288,312.46,0.39,0.36,2023-10-09,1956,N20,VIIRS,n,2,298.78,1.73,N,2,VIIRS_NOAA20_SP
23.7642,86.39349,322.66,0.39,0.36,2023-10-09,1956,N20,VIIRS,n,2,300.85,2.11,N,2,VIIRS_NOAA20_SP
23.76599,86.38227,307.75,0.39,0.36,2023-10-09,1956,N20,VIIRS,n,2,297.42,2.28,N,2,VIIRS_NOAA20_SP
23.76689,86.39785,314.12,0.39,0.36,2023-10-09,1956,N20,VIIRS,n,2,299.38,2.11,N,2,VIIRS_NOAA20_SP
23.76719,86.37479,327.04,0.39,0.36,2023-10-09,1956,N20,VIIRS,n,2,300.77,3.97,N,2,VIIRS_NOAA20_SP
23.76749,86.39411,324.44,0.39,0.36,2023-10-09,1956,N20,VIIRS,n,2,302.39,2.11,N,2,VIIRS_NOAA20_SP
23.76868,86.38663,316.22,0.39,0.36,2023-10-09,1956,N20,VIIRS,n,2,298.38,3.6,N,2,VIIRS_NOAA20_SP
23.76958,86.40221,312.45,0.39,0.36,2023-10-09,1956,N20,VIIRS,n,2,298.39,1.82,N,2,VIIRS_NOAA20_SP
23.77018,86.39847,309.47,0.39,0.36,2023-10-09,1956,N20,VIIRS,n,2,298.15,2.75,N,0,VIIRS_NOAA20_SP
23.77092,86.20234,309.14,0.38,0.36,2023-10-09,1956,N20,VIIRS,n,2,296.95,1.12,N,2,VIIRS_NOAA20_SP
23.77138,86.39099,312.72,0.39,0.36,2023-10-09,1956,N20,VIIRS,n,2,299.05,3.29,N,2,VIIRS_NOAA20_SP
23.77151,86.1986,310.29,0.38,0.36,2023-10-09,1956,N20,VIIRS,n,2,296.97,1.3,N,2,VIIRS_NOAA20_SP
23.77302,86.21042,307.5,0.38,0.36,2023-10-09,1956,N20,VIIRS,n,2,296.47,1.22,N,2,VIIRS_NOAA20_SP
23.77361,86.20668,308.09,0.38,0.36,2023-10-09,1956,N20,VIIRS,n,2,297.62,1.01,N,2,VIIRS_NOAA20_SP
23.7742,86.20294,310.41,0.38,0.36,2023-10-09,1956,N20,VIIRS,n,2,297.33,1.01,N,2,VIIRS_NOAA20_SP
23.77526,86.38786,339.62,0.39,0.36,2023-10-09,1956,N20,VIIRS,n,2,299.86,3.29,N,2,VIIRS_NOAA20_SP
23.77555,86.36481,308.33,0.38,0.36,2023-10-09,1956,N20,VIIRS,n,2,297.62,1.66,N,2,VIIRS_NOAA20_SP
23.77586,86.38412,311.88,0.39,0.36,2023-10-09,1956,N20,VIIRS,n,2,297.18,1.59,N,2,VIIRS_NOAA20_SP
23.77615,86.36107,308.26,0.38,0.36,2023-10-09,1956,N20,VIIRS,n,2,296.87,1.1,N,2,VIIRS_NOAA20_SP
23.77631,86.21103,319.92,0.38,0.36,2023-10-09,1956,N20,VIIRS,n,2,297.88,1.22,N,2,VIIRS_NOAA20_SP
23.7769,86.20729,308.96,0.38,0.36,2023-10-09,1956,N20,VIIRS,n,2,297.95,1.01,N,2,VIIRS_NOAA20_SP
23.77736,86.39597,314.14,0.39,0.36,2023-10-09,1956,N20,VIIRS,n,2,299.0,1.55,N,2,VIIRS_NOAA20_SP
23.77795,86.39222,315.64,0.39,0.36,2023-10-09,1956,N20,VIIRS,n,2,299.35,2.55,N,2,VIIRS_NOAA20_SP
23.77853,86.34612,311.86,0.38,0.36,2023-10-09,1956,N20,VIIRS,n,2,297.21,1.5,N,2,VIIRS_NOAA20_SP
23.77855,86.38848,325.01,0.39,0.36,2023-10-09,1956,N20,VIIRS,n,2,299.65,2.55,N,2,VIIRS_NOAA20_SP
23.78019,86.20791,331.79,0.38,0.36,2023-10-09,1956,N20,VIIRS,n,2,300.81,2.96,N,2,VIIRS_NOAA20_SP
23.78065,86.39658,315.09,0.39,0.36,2023-10-09,1956,N20,VIIRS,n,2,298.72,1.55,N,2,VIIRS_NOAA20_SP
23.78078,86.20417,319.25,0.38,0.36,2023-10-09,1956,N20,VIIRS,n,2,298.18,2.96,N,2,VIIRS_NOAA20_SP
23.78094,86.37353,321.42,0.39,0.36,2023-10-09,1956,N20,VIIRS,n,2,298.54,2.63,N,2,VIIRS_NOAA20_SP
23.78124,86.39285,342.65,0.39,0.36,2023-10-09,1956,N20,VIIRS,n,2,302.84,2.55,N,2,VIIRS_NOAA20_SP
23.78182,86.34674,316.59,0.38,0.36,2023-10-09,1956,N20,VIIRS,n,2,297.54,1.5,N,2,VIIRS_NOAA20_SP
23.78184,86.3891,318.23,0.39,0.36,2023-10-09,1956,N20,VIIRS,n,2,298.72,2.55,N,2,VIIRS_NOAA20_SP
23.78301,86.33926,308.14,0.38,0.36,2023-10-09,1956,N20,VIIRS,n,2,296.87,1.34,N,2,VIIRS_NOAA20_SP
23.78348,86.20852,337.82,0.38,0.36,2023-10-09,1956,N20,VIIRS,n,2,299.61,2.96,N,2,VIIRS_NOAA20_SP
23.78749,86.3324,323.48,0.38,0.36,2023-10-09,1956,N20,VIIRS,n,2,300.79,2.44,N,2,VIIRS_NOAA20_SP
23.78811,86.37102,313.97,0.39,0.36,2023-10-09,1956,N20,VIIRS,n,2,297.37,1.65,N,2,VIIRS_NOAA20_SP
23.79109,86.35233,313.03,0.38,0.36,2023-10-09,1956,N20,VIIRS,n,2,297.27,3.35,N,2,VIIRS_NOAA20_SP
23.79438,86.35295,342.72,0.38,0.36,2023-10-09,1956,N20,VIIRS,n,2,301.34,3.35,N,2,VIIRS_NOAA20_SP
23.79497,86.34921,321.9,0.38,0.36,2023-10-09,1956,N20,VIIRS,n,2,298.67,2.89,N,2,VIIRS_NOAA20_SP
23.79576,86.23774,308.39,0.38,0.36,2023-10-09,1956,N20,VIIRS,n,2,296.81,0.94,N,2,VIIRS_NOAA20_SP
23.79635,86.23401,308.23,0.38,0.36,2023-10-09,1956,N20,VIIRS,n,2,296.44,1.05,N,2,VIIRS_NOAA20_SP
23.79945,86.34235,314.26,0.38,0.36,2023-10-09,1956,N20,VIIRS,n,2,299.65,1.98,N,2,VIIRS_NOAA20_SP
23.80124,87.04823,316.42,0.39,0.36,2023-10-09,1956,N20,VIIRS,n,2,300.1,2.16,N,2,VIIRS_NOAA20_SP
23.80183,86.32739,308.45,0.38,0.36,2023-10-09,1956,N20,VIIRS,n,2,297.93,2.58,N,2,VIIRS_NOAA20_SP
23.80244,85.56348,310.01,0.39,0.36,2023-10-09,1956,N20,VIIRS,n,2,296.75,2.32,N,0,VIIRS_NOAA20_SP
23.80453,86.33175,313.59,0.38,0.36,2023-10-09,1956,N20,VIIRS,n,2,297.72,2.04,N,2,VIIRS_NOAA20_SP
23.80512,86.328,335.1,0.38,0.36,2023-10-09,1956,N20,VIIRS,n,2,301.51,2.58,N,2,VIIRS_NOAA20_SP
23.8069,86.3168,310.66,0.38,0.36,2023-10-09,1956,N20,VIIRS,n,2,298.93,2.61,N,2,VIIRS_NOAA20_SP
23.80942,84.84747,305.54,0.39,0.36,2023-10-09,1956,N20,VIIRS,n,2,294.71,1.06,N,2,VIIRS_NOAA20_SP
23.81019,86.31741,312.18,0.38,0.36,2023-10-09,1956,N20,VIIRS,n,2,299.47,1.83,N,2,VIIRS_NOAA20_SP
23.81664,84.84483,305.23,0.39,0.36,2023-10-09,1956,N20,VIIRS,n,2,294.41,0.96,N,0,VIIRS_NOAA20_SP
23.81818,86.96537,311.78,0.39,0.36,2023-10-09,1956,N20,VIIRS,n,2,296.19,1.17,N,0,VIIRS_NOAA20_SP
23.8246,85.46347,305.62,0.39,0.36,2023-10-09,1956,N20,VIIRS,n,2,295.29,0.62,N,0,VIIRS_NOAA20_SP
23.826,85.49842,316.69,0.39,0.36,2023-10-09,1956,N20,VIIRS,n,2,299.33,2.68,N,2,VIIRS_NOAA20_SP
23.92825,85.34236,308.34,0.39,0.36,2023-10-09,1956,N20,VIIRS,n,2,294.51,0.73,N,2,VIIRS_NOAA20_SP
23.98211,90.63775,306.11,0.53,0.42,2023-10-09,1956,N20,VIIRS,n,2,295.31,1.75,N,2,VIIRS_NOAA20_SP
23.98397,90.64877,306.18,0.53,0.42,2023-10-09,1956,N20,VIIRS,n,2,295.46,1.61,N,0,VIIRS_NOAA20_SP
23.99002,79.38932,309.57,0.46,0.47,2023-10-09,1956,N20,VIIRS,n,2,295.93,1.81,N,2,VIIRS_NOAA20_SP
23.9961,91.11675,307.87,0.56,0.43,2023-10-09,1956,N20,VIIRS,n,2,294.45,2.83,N,0,VIIRS_NOAA20_SP
24.11801,86.35074,309.27,0.38,0.36,2023-10-09,1956,N20,VIIRS,n,2,295.77,1.37,N,2,VIIRS_NOAA20_SP
24.16735,82.68155,307.77,0.46,0.39,2023-10-09,1956,N20,VIIRS,n,2,296.01,1.09,N,2,VIIRS_NOAA20_SP
24.16846,82.56091,317.53,0.47,0.4,2023-10-09,1956,N20,VIIRS,n,2,295.92,1.68,N,2,VIIRS_NOAA20_SP
24.17153,82.55901,317.92,0.47,0.4,2023-10-09,1956,N20,VIIRS,n,2,295.98,1.96,N,2,VIIRS_NOAA20_SP
24.2065,82.52461,305.91,0.47,0.4,2023-10-09,1956,N20,VIIRS,n,2,295.5,0.87,N,2,VIIRS_NOAA20_SP
24.20749,82.71082,320.86,0.46,0.39,2023-10-09,1956,N20,VIIRS,n,2,297.71,2.26,N,2,VIIRS_NOAA20_SP
24.76373,74.60355,306.02,0.47,0.64,2023-10-09,1956,N20,VIIRS,n,2,295.25,1.94,N,2,VIIRS_NOAA20_SP
24.92253,84.15599,306.86,0.41,0.37,2023-10-09,1956,N20,VIIRS,n,2,296.38,0.62,N,0,VIIRS_NOAA20_SP
24.92283,84.15511,306.55,0.41,0.37,2023-10-09,1956,N20,VIIRS,n,2,296.09,0.57,N,0,VIIRS_NOAA20_SP
24.95119,77.11858,304.79,0.33,0.55,2023-10-09,1956,N20,VIIRS,n,2,292.49,0.32,N,0,VIIRS_NOAA20_SP
25.10784,77.33361,324.41,0.32,0.55,2023-10-09,1956,N20,VIIRS,n,2,294.84,2.0,N,0,VIIRS_NOAA20_SP
26.12863,79.25546,309.09,0.5,0.49,2023-10-09,1956,N20,VIIRS,n,2,295.41,1.19,N,0,VIIRS_NOAA20_SP
19.92052,79.11305,308.2,0.43,0.46,2023-10-09,1957,N20,VIIRS,n,2,296.44,1.05,N,2,VIIRS_NOAA20_SP
19.963,79.334,306.11,0.41,0.45,2023-10-09,1957,N20,VIIRS,n,2,295.63,0.97,N,2,VIIRS_NOAA20_SP
20.00699,79.1813,306.5,0.42,0.46,2023-10-09,1957,N20,VIIRS,n,2,295.82,1.03,N,0,VIIRS_NOAA20_SP
20.51474,85.72545,313.02,0.39,0.36,2023-10-09,1957,N20,VIIRS,n,2,297.64,0.93,N,2,VIIRS_NOAA20_SP
20.69896,85.55401,308.9,0.38,0.36,2023-10-09,1957,N20,VIIRS,n,2,296.96,0.63,N,0,VIIRS_NOAA20_SP
20.76094,85.29066,316.42,0.38,0.36,2023-10-09,1957,N20,VIIRS,n,2,297.83,1.04,N,2,VIIRS_NOAA20_SP
20.78584,85.26128,318.69,0.38,0.36,2023-10-09,1957,N20,VIIRS,n,2,298.89,1.81,N,2,VIIRS_NOAA20_SP
20.78856,85.26552,314.74,0.38,0.36,2023-10-09,1957,N20,VIIRS,n,2,298.03,1.81,N,2,VIIRS_NOAA20_SP
20.79086,85.2509,308.81,0.38,0.36,2023-10-09,1957,N20,VIIRS,n,2,297.49,0.93,N,2,VIIRS_NOAA20_SP
20.79357,85.25513,325.33,0.38,0.36,2023-10-09,1957,N20,VIIRS,n,2,298.49,2.45,N,2,VIIRS_NOAA20_SP
20.79414,85.25149,332.86,0.38,0.36,2023-10-09,1957,N20,VIIRS,n,2,297.65,6.71,N,2,VIIRS_NOAA20_SP
20.79629,85.25938,311.6,0.38,0.36,2023-10-09,1957,N20,VIIRS,n,2,297.39,2.45,N,2,VIIRS_NOAA20_SP
20.79686,85.25572,311.64,0.38,0.36,2023-10-09,1957,N20,VIIRS,n,2,297.06,2.45,N,2,VIIRS_NOAA20_SP
20.79957,85.25996,307.84,0.38,0.36,2023-10-09,1957,N20,VIIRS,n,2,297.03,0.69,N,2,VIIRS_NOAA20_SP
20.80344,85.25689,307.15,0.38,0.36,2023-10-09,1957,N20,VIIRS,n,2,297.0,0.69,N,2,VIIRS_NOAA20_SP
20.80672,85.25748,323.48,0.38,0.36,2023-10-09,1957,N20,VIIRS,n,2,299.0,2.34,N,2,VIIRS_NOAA20_SP
20.86491,84.99339,335.5,0.38,0.36,2023-10-09,1957,N20,VIIRS,n,2,298.28,3.36,N,2,VIIRS_NOAA20_SP
20.86877,84.99032,312.5,0.38,0.36,2023-10-09,1957,N20,VIIRS,n,2,297.81,2.16,N,2,VIIRS_NOAA20_SP
20.88694,84.98222,310.54,0.38,0.36,2023-10-09,1957,N20,VIIRS,n,2,297.56,1.14,N,2,VIIRS_NOAA20_SP
20.94129,86.05872,327.24,0.39,0.36,2023-10-09,1957,N20,VIIRS,n,2,298.6,2.62,N,2,VIIRS_NOAA20_SP
20.94519,86.05562,310.31,0.39,0.36,2023-10-09,1957,N20,VIIRS,n,2,297.67,0.82,N,2,VIIRS_NOAA20_SP
20.953,86.04942,312.94,0.39,0.36,2023-10-09,1957,N20,VIIRS,n,2,298.69,0.84,N,2,VIIRS_NOAA20_SP
20.95445,85.00907,307.67,0.38,0.36,2023-10-09,1957,N20,VIIRS,n,2,296.18,0.95,N,2,VIIRS_NOAA20_SP
20.95502,85.00541,310.02,0.38,0.36,2023-10-09,1957,N20,VIIRS,n,2,294.11,0.95,N,2,VIIRS_NOAA20_SP
20.95693,85.14497,308.28,0.38,0.36,2023-10-09,1957,N20,VIIRS,n,2,296.58,0.84,N,2,VIIRS_NOAA20_SP
20.95894,85.1754,310.0,0.38,0.36,2023-10-09,1957,N20,VIIRS,n,2,297.15,1.04,N,2,VIIRS_NOAA20_SP
20.96165,85.17964,311.88,0.38,0.36,2023-10-09,1957,N20,VIIRS,n,2,298.11,1.23,N,2,VIIRS_NOAA20_SP
20.96223,85.17598,316.47,0.38,0.36,2023-10-09,1957,N20,VIIRS,n,2,298.91,2.31,N,2,VIIRS_NOAA20_SP
20.9628,85.17233,339.81,0.38,0.36,2023-10-09,1957,N20,VIIRS,n,2,299.66,2.31,N,2,VIIRS_NOAA20_SP
20.96337,85.16867,326.68,0.38,0.36,2023-10-09,1957,N20,VIIRS,n,2,299.13,1.9,N,2,VIIRS_NOAA20_SP
20.9638,85.18755,318.56,0.38,0.36,2023-10-09,1957,N20,VIIRS,n,2,297.96,2.2,N,2,VIIRS_NOAA20_SP
20.96394,85.16501,311.79,0.38,0.36,2023-10-09,1957,N20,VIIRS,n,2,297.88,1.9,N,2,VIIRS_NOAA20_SP
20.96494,85.18023,313.31,0.38,0.36,2023-10-09,1957,N20,VIIRS,n,2,297.67,1.23,N,2,VIIRS_NOAA20_SP
20.96552,85.17657,333.7,0.38,0.36,2023-10-09,1957,N20,VIIRS,n,2,299.61,2.31,N,2,VIIRS_NOAA20_SP
20.96609,85.17291,311.53,0.38,0.36,2023-10-09,1957,N20,VIIRS,n,2,298.1,2.31,N,2,VIIRS_NOAA20_SP
20.96705,85.01505,308.1,0.38,0.36,2023-10-09,1957,N20,VIIRS,n,2,296.37,3.23,N,0,VIIRS_NOAA20_SP
20.96895,85.15461,307.49,0.38,0.36,2023-10-09,1957,N20,VIIRS,n,2,296.8,1.5,N,2,VIIRS_NOAA20_SP
20.9694,85.17684,312.66,0.38,0.36,2023-10-09,1957,N20,VIIRS,n,2,297.58,1.92,N,2,VIIRS_NOAA20_SP
20.96997,85.17318,328.46,0.38,0.36,2023-10-09,1957,N20,VIIRS,n,2,298.31,1.92,N,2,VIIRS_NOAA20_SP
20.97023,85.12476,312.9,0.38,0.36,2023-10-09,1957,N20,VIIRS,n,2,297.07,1.21,N,0,VIIRS_NOAA20_SP
20.97034,85.01563,338.54,0.38,0.36,2023-10-09,1957,N20,VIIRS,n,2,298.75,3.23,N,0,VIIRS_NOAA20_SP
20.97054,85.16953,312.96,0.38,0.36,2023-10-09,1957,N20,VIIRS,n,2,298.16,1.26,N,2,VIIRS_NOAA20_SP
20.97067,86.00323,311.12,0.39,0.36,2023-10-09,1957,N20,VIIRS,n,2,298.67,1.05,N,2,VIIRS_NOAA20_SP
20.97383,85.17011,312.19,0.38,0.36,2023-10-09,1957,N20,VIIRS,n,2,298.61,1.26,N,2,VIIRS_NOAA20_SP
20.97397,86.00384,321.39,0.39,0.36,2023-10-09,1957,N20,VIIRS,n,2,298.59,1.25,N,2,VIIRS_NOAA20_SP
20.97568,85.13657,318.91,0.38,0.36,2023-10-09,1957,N20,VIIRS,n,2,298.03,2.14,N,2,VIIRS_NOAA20_SP
20.97625,85.13291,308.64,0.38,0.36,2023-10-09,1957,N20,VIIRS,n,2,297.88,1.02,N,2,VIIRS_NOAA20_SP
20.97727,86.00444,314.14,0.39,0.36,2023-10-09,1957,N20,VIIRS,n,2,297.26,1.25,N,2,VIIRS_NOAA20_SP
20.97783,85.14448,320.72,0.38,0.36,2023-10-09,1957,N20,VIIRS,n,2,297.72,1.95,N,2,VIIRS_NOAA20_SP
20.98012,85.12983,308.43,0.38,0.36,2023-10-09,1957,N20,VIIRS,n,2,297.64,1.02,N,2,VIIRS_NOAA20_SP
20.99919,86.01604,307.8,0.39,0.36,2023-10-09,1957,N20,VIIRS,n,2,297.46,0.55,N,0,VIIRS_NOAA20_SP
21.06576,85.0358,310.17,0.38,0.36,2023-10-09,1957,N20,VIIRS,n,2,297.18,0.97,N,0,VIIRS_NOAA20_SP
21.06906,85.03637,309.22,0.38,0.36,2023-10-09,1957,N20,VIIRS,n,2,298.56,0.97,N,2,VIIRS_NOAA20_SP
21.07507,85.0412,307.46,0.38,0.36,2023-10-09,1957,N20,VIIRS,n,2,297.33,1.4,N,2,VIIRS_NOAA20_SP
21.07779,85.04545,313.9,0.38,0.36,2023-10-09,1957,N20,VIIRS,n,2,297.72,1.74,N,2,VIIRS_NOAA20_SP
21.07836,85.04178,328.52,0.38,0.36,2023-10-09,1957,N20,VIIRS,n,2,298.21,1.74,N,2,VIIRS_NOAA20_SP
21.07893,85.03811,319.15,0.38,0.36,2023-10-09,1957,N20,VIIRS,n,2,299.18,1.49,N,2,VIIRS_NOAA20_SP
21.0795,85.03444,309.85,0.38,0.36,2023-10-09,1957,N20,VIIRS,n,2,298.92,1.49,N,2,VIIRS_NOAA20_SP
21.10441,72.63229,326.5,0.58,0.7,2023-10-09,1957,N20,VIIRS,n,2,295.09,7.4,N,2,VIIRS_NOAA20_SP
21.10992,72.64427,318.29,0.58,0.7,2023-10-09,1957,N20,VIIRS,n,2,296.37,4.73,N,2,VIIRS_NOAA20_SP
21.18036,81.3846,330.06,0.49,0.41,2023-10-09,1957,N20,VIIRS,n,2,297.52,4.35,N,3,VIIRS_NOAA20_SP
21.18407,81.38516,310.72,0.49,0.41,2023-10-09,1957,N20,VIIRS,n,2,297.95,2.36,N,3,VIIRS_NOAA20_SP
21.18714,81.39046,313.99,0.49,0.41,2023-10-09,1957,N20,VIIRS,n,2,298.8,2.04,N,3,VIIRS_NOAA20_SP
21.18943,81.38853,308.75,0.49,0.41,2023-10-09,1957,N20,VIIRS,n,2,297.65,3.7,N,2,VIIRS_NOAA20_SP
21.19687,81.41859,321.23,0.49,0.4,2023-10-09,1957,N20,VIIRS,n,2,297.24,2.9,N,2,VIIRS_NOAA20_SP
21.19748,81.41389,319.61,0.49,0.4,2023-10-09,1957,N20,VIIRS,n,2,295.79,2.75,N,2,VIIRS_NOAA20_SP
21.23414,79.63051,312.92,0.41,0.45,2023-10-09,1957,N20,VIIRS,n,2,297.24,1.23,N,2,VIIRS_NOAA20_SP
21.23462,79.62653,307.48,0.41,0.45,2023-10-09,1957,N20,VIIRS,n,2,296.49,1.23,N,2,VIIRS_NOAA20_SP
21.24874,79.2207,312.33,0.44,0.46,2023-10-09,1957,N20,VIIRS,n,2,295.77,2.33,N,2,VIIRS_NOAA20_SP
21.24875,79.22186,318.24,0.44,0.46,2023-10-09,1957,N20,VIIRS,n,2,296.4,1.92,N,2,VIIRS_NOAA20_SP
21.29874,81.60751,318.37,0.48,0.4,2023-10-09,1957,N20,VIIRS,n,2,295.74,1.54,N,2,VIIRS_NOAA20_SP
21.31225,81.59058,309.04,0.48,0.4,2023-10-09,1957,N20,VIIRS,n,2,296.88,0.67,N,2,VIIRS_NOAA20_SP
21.36415,81.65067,307.84,0.48,0.4,2023-10-09,1957,N20,VIIRS,n,2,296.8,1.92,N,2,VIIRS_NOAA20_SP
21.36478,81.64603,307.15,0.48,0.4,2023-10-09,1957,N20,VIIRS,n,2,296.62,2.09,N,2,VIIRS_NOAA20_SP
21.37619,81.64098,307.8,0.48,0.4,2023-10-09,1957,N20,VIIRS,n,2,296.91,2.42,N,2,VIIRS_NOAA20_SP
21.37864,81.67918,318.51,0.48,0.4,2023-10-09,1957,N20,VIIRS,n,2,297.85,3.01,N,2,VIIRS_NOAA20_SP
21.39026,81.64789,311.96,0.48,0.4,2023-10-09,1957,N20,VIIRS,n,2,297.54,2.56,N,2,VIIRS_NOAA20_SP
21.48596,81.76851,307.18,0.48,0.4,2023-10-09,1957,N20,VIIRS,n,2,296.91,0.96,N,2,VIIRS_NOAA20_SP
21.6752,82.08002,306.96,0.46,0.39,2023-10-09,1957,N20,VIIRS,n,2,296.91,1.61,N,2,VIIRS_NOAA20_SP
21.67984,84.03844,323.38,0.4,0.37,2023-10-09,1957,N20,VIIRS,n,2,290.04,3.5,N,2,VIIRS_NOAA20_SP
21.68261,84.04282,305.56,0.4,0.37,2023-10-09,1957,N20,VIIRS,n,2,284.94,0.53,N,2,VIIRS_NOAA20_SP
21.73523,83.98074,310.1,0.4,0.37,2023-10-09,1957,N20,VIIRS,n,2,297.74,2.47,N,0,VIIRS_NOAA20_SP
21.75559,83.8422,309.68,0.4,0.37,2023-10-09,1957,N20,VIIRS,n,2,294.37,1.22,N,2,VIIRS_NOAA20_SP
21.75638,84.02363,310.06,0.4,0.37,2023-10-09,1957,N20,VIIRS,n,2,287.6,1.14,N,2,VIIRS_NOAA20_SP
21.75896,83.84277,313.45,0.4,0.37,2023-10-09,1957,N20,VIIRS,n,2,294.94,1.22,N,2,VIIRS_NOAA20_SP
21.76232,83.84334,314.69,0.4,0.37,2023-10-09,1957,N20,VIIRS,n,2,292.91,1.58,N,2,VIIRS_NOAA20_SP
21.76308,84.02477,302.1,0.4,0.37,2023-10-09,1957,N20,VIIRS,n,2,288.61,0.39,N,2,VIIRS_NOAA20_SP
21.76365,84.02094,315.27,0.4,0.37,2023-10-09,1957,N20,VIIRS,n,2,296.56,1.99,N,2,VIIRS_NOAA20_SP
21.76422,84.01711,307.45,0.4,0.37,2023-10-09,1957,N20,VIIRS,n,2,295.59,1.99,N,2,VIIRS_NOAA20_SP
21.76643,84.02534,306.49,0.4,0.37,2023-10-09,1957,N20,VIIRS,n,2,290.46,0.39,N,2,VIIRS_NOAA20_SP
21.76757,84.01768,324.95,0.4,0.37,2023-10-09,1957,N20,VIIRS,n,2,299.29,1.99,N,2,VIIRS_NOAA20_SP
21.77092,84.01825,308.55,0.4,0.37,2023-10-09,1957,N20,VIIRS,n,2,294.3,2.31,N,2,VIIRS_NOAA20_SP
21.77806,83.83017,305.02,0.4,0.37,2023-10-09,1957,N20,VIIRS,n,2,293.63,0.92,N,0,VIIRS_NOAA20_SP
21.7803,83.83845,303.86,0.4,0.37,2023-10-09,1957,N20,VIIRS,n,2,291.67,0.9,N,0,VIIRS_NOAA20_SP
21.78086,83.83459,305.92,0.4,0.37,2023-10-09,1957,N20,VIIRS,n,2,294.22,0.92,N,2,VIIRS_NOAA20_SP
21.85969,83.9656,311.79,0.4,0.37,2023-10-09,1957,N20,VIIRS,n,2,295.44,1.76,N,0,VIIRS_NOAA20_SP
21.87581,83.4968,308.02,0.41,0.37,2023-10-09,1957,N20,VIIRS,n,2,296.58,1.66,N,2,VIIRS_NOAA20_SP
21.87809,83.55387,310.99,0.41,0.37,2023-10-09,1957,N20,VIIRS,n,2,296.63,1.21,N,2,VIIRS_NOAA20_SP
21.9213,83.3494,334.02,0.42,0.37,2023-10-09,1957,N20,VIIRS,n,2,301.45,2.82,N,2,VIIRS_NOAA20_SP
21.92472,83.34997,319.73,0.42,0.37,2023-10-09,1957,N20,VIIRS,n,2,298.08,2.82,N,2,VIIRS_NOAA20_SP
21.92644,83.33792,332.96,0.42,0.37,2023-10-09,1957,N20,VIIRS,n,2,299.53,4.31,N,3,VIIRS_NOAA20_SP
21.92872,83.34653,314.3,0.42,0.37,2023-10-09,1957,N20,VIIRS,n,2,298.5,2.26,N,2,VIIRS_NOAA20_SP
21.93061,85.22353,314.54,0.38,0.36,2023-10-09,1957,N20,VIIRS,n,2,295.42,1.18,N,2,VIIRS_NOAA20_SP
21.93118,85.21985,312.3,0.38,0.36,2023-10-09,1957,N20,VIIRS,n,2,295.29,1.18,N,2,VIIRS_NOAA20_SP
21.96805,85.31343,306.35,0.38,0.36,2023-10-09,1957,N20,VIIRS,n,2,294.61,0.66,N,2,VIIRS_NOAA20_SP
21.98375,83.2319,312.76,0.42,0.38,2023-10-09,1957,N20,VIIRS,n,2,297.34,1.55,N,2,VIIRS_NOAA20_SP
21.98719,83.23248,310.24,0.42,0.38,2023-10-09,1957,N20,VIIRS,n,2,297.24,1.43,N,2,VIIRS_NOAA20_SP
21.99321,85.32551,304.83,0.38,0.36,2023-10-09,1957,N20,VIIRS,n,2,294.55,0.57,N,3,VIIRS_NOAA20_SP
22.00549,82.67174,312.12,0.44,0.38,2023-10-09,1957,N20,VIIRS,n,2,297.65,1.92,N,2,VIIRS_NOAA20_SP
22.00608,82.66747,319.43,0.44,0.38,2023-10-09,1957,N20,VIIRS,n,2,297.68,1.92,N,2,VIIRS_NOAA20_SP
22.01685,83.75289,310.58,0.41,0.37,2023-10-09,1957,N20,VIIRS,n,2,295.85,1.42,N,0,VIIRS_NOAA20_SP
22.02236,83.37705,311.74,0.42,0.37,2023-10-09,1957,N20,VIIRS,n,2,296.37,1.79,N,2,VIIRS_NOAA20_SP
22.04001,83.73676,315.83,0.41,0.37,2023-10-09,1957,N20,VIIRS,n,2,296.97,2.32,N,2,VIIRS_NOAA20_SP
22.04005,83.3513,313.81,0.42,0.37,2023-10-09,1957,N20,VIIRS,n,2,296.93,1.37,N,2,VIIRS_NOAA20_SP
22.04339,83.73732,315.47,0.41,0.37,2023-10-09,1957,N20,VIIRS,n,2,297.62,2.12,N,2,VIIRS_NOAA20_SP
22.04397,83.73341,333.66,0.41,0.37,2023-10-09,1957,N20,VIIRS,n,2,298.62,2.49,N,2,VIIRS_NOAA20_SP
22.04454,83.7295,305.84,0.41,0.37,2023-10-09,1957,N20,VIIRS,n,2,295.59,2.49,N,0,VIIRS_NOAA20_SP
22.05055,88.10369,332.0,0.43,0.38,2023-10-09,1957,N20,VIIRS,n,2,297.41,5.82,N,2,VIIRS_NOAA20_SP
22.05389,88.12557,351.0,0.43,0.38,2023-10-09,1957,N20,VIIRS,n,2,299.96,8.21,N,2,VIIRS_NOAA20_SP
22.05461,88.12146,310.56,0.43,0.38,2023-10-09,1957,N20,VIIRS,n,2,298.53,3.4,N,2,VIIRS_NOAA20_SP
22.05687,83.72253,309.38,0.41,0.37,2023-10-09,1957,N20,VIIRS,n,2,297.26,2.2,N,2,VIIRS_NOAA20_SP
22.05735,88.12627,315.63,0.43,0.38,2023-10-09,1957,N20,VIIRS,n,2,297.31,2.95,N,2,VIIRS_NOAA20_SP
22.05948,88.11395,309.11,0.43,0.38,2023-10-09,1957,N20,VIIRS,n,2,296.19,2.57,N,0,VIIRS_NOAA20_SP
22.10455,83.12106,309.89,0.43,0.38,2023-10-09,1957,N20,VIIRS,n,2,297.75,1.56,N,2,VIIRS_NOAA20_SP
22.10611,83.52473,328.43,0.41,0.37,2023-10-09,1957,N20,VIIRS,n,2,299.62,2.19,N,0,VIIRS_NOAA20_SP
22.10668,83.52074,310.51,0.41,0.37,2023-10-09,1957,N20,VIIRS,n,2,297.17,2.19,N,0,VIIRS_NOAA20_SP
22.1322,85.41801,306.19,0.38,0.36,2023-10-09,1957,N20,VIIRS,n,2,295.32,0.67,N,2,VIIRS_NOAA20_SP
22.16993,85.43618,309.49,0.38,0.36,2023-10-09,1957,N20,VIIRS,n,2,295.17,0.87,N,0,VIIRS_NOAA20_SP
22.21083,84.86112,310.61,0.39,0.36,2023-10-09,1957,N20,VIIRS,n,2,296.79,2.15,N,2,VIIRS_NOAA20_SP
22.21325,84.86897,325.11,0.39,0.36,2023-10-09,1957,N20,VIIRS,n,2,296.62,2.83,N,2,VIIRS_NOAA20_SP
22.21368,84.84247,331.03,0.39,0.36,2023-10-09,1957,N20,VIIRS,n,2,297.41,4.81,N,2,VIIRS_NOAA20_SP
22.21542,84.877,311.54,0.39,0.36,2023-10-09,1957,N20,VIIRS,n,2,296.15,2.66,N,2,VIIRS_NOAA20_SP
22.22293,84.75973,308.22,0.39,0.36,2023-10-09,1957,N20,VIIRS,n,2,296.44,1.11,N,2,VIIRS_NOAA20_SP
22.26575,75.12868,306.71,0.41,0.61,2023-10-09,1957,N20,VIIRS,n,2,294.82,1.2,N,2,VIIRS_NOAA20_SP
22.31394,82.7383,310.77,0.44,0.38,2023-10-09,1957,N20,VIIRS,n,2,296.78,1.26,N,0,VIIRS_NOAA20_SP
22.32505,82.68332,309.69,0.44,0.39,2023-10-09,1957,N20,VIIRS,n,2,297.13,1.13,N,2,VIIRS_NOAA20_SP
22.32858,82.68387,312.85,0.44,0.39,2023-10-09,1957,N20,VIIRS,n,2,296.81,1.13,N,2,VIIRS_NOAA20_SP
22.32914,82.65333,307.57,0.44,0.39,2023-10-09,1957,N20,VIIRS,n,2,296.78,1.59,N,2,VIIRS_NOAA20_SP
22.33205,82.60538,307.67,0.45,0.39,2023-10-09,1957,N20,VIIRS,n,2,296.9,1.86,N,2,VIIRS_NOAA20_SP
22.33267,82.6539,318.42,0.44,0.39,2023-10-09,1957,N20,VIIRS,n,2,297.66,1.59,N,2,VIIRS_NOAA20_SP
22.35785,87.28867,313.77,0.4,0.37,2023-10-09,1957,N20,VIIRS,n,2,297.76,1.82,N,2,VIIRS_NOAA20_SP
22.36171,87.01595,321.84,0.4,0.37,2023-10-09,1957,N20,VIIRS,n,2,298.2,1.25,N,2,VIIRS_NOAA20_SP
22.36504,87.01659,314.28,0.4,0.37,2023-10-09,1957,N20,VIIRS,n,2,297.8,1.25,N,2,VIIRS_NOAA20_SP
22.36599,87.30224,322.6,0.4,0.37,2023-10-09,1957,N20,VIIRS,n,2,299.08,1.48,N,2,VIIRS_NOAA20_SP
22.36663,87.29836,308.57,0.4,0.37,2023-10-09,1957,N20,VIIRS,n,2,296.92,1.48,N,2,VIIRS_NOAA20_SP
22.36838,87.01722,309.32,0.4,0.37,2023-10-09,1957,N20,VIIRS,n,2,297.37,0.76,N,2,VIIRS_NOAA20_SP
22.58904,85.90555,316.41,0.38,0.36,2023-10-09,1957,N20,VIIRS,n,2,298.41,1.41,N,2,VIIRS_NOAA20_SP
22.59233,85.90616,313.18,0.38,0.36,2023-10-09,1957,N20,VIIRS,n,2,297.69,1.41,N,2,VIIRS_NOAA20_SP
15.96432,80.93781,307.15,0.46,0.39,2023-10-09,1958,N20,VIIRS,n,2,295.33,0.35,N,0,VIIRS_NOAA20_SP
17.46596,80.65517,307.56,0.49,0.4,2023-10-09,1958,N20,VIIRS,n,2,294.72,2.15,N,0,VIIRS_NOAA20_SP
18.68114,79.55241,311.78,0.39,0.44,2023-10-09,1958,N20,VIIRS,n,2,296.49,1.28,N,0,VIIRS_NOAA20_SP
18.68567,73.03606,306.92,0.51,0.66,2023-10-09,1958,N20,VIIRS,n,2,292.52,1.32,N,2,VIIRS_NOAA20_SP
18.68614,73.03111,302.78,0.51,0.66,2023-10-09,1958,N20,VIIRS,n,2,291.85,1.32,N,2,VIIRS_NOAA20_SP
18.69084,73.04659,303.08,0.51,0.66,2023-10-09,1958,N20,VIIRS,n,2,292.29,3.02,N,2,VIIRS_NOAA20_SP
18.69179,73.03677,304.47,0.51,0.66,2023-10-09,1958,N20,VIIRS,n,2,292.44,1.32,N,2,VIIRS_NOAA20_SP
18.70539,72.3475,307.7,0.57,0.69,2023-10-09,1958,N20,VIIRS,n,2,294.22,10.84,N,3,VIIRS_NOAA20_SP
18.70588,72.34203,353.02,0.57,0.69,2023-10-09,1958,N20,VIIRS,n,2,295.56,10.84,N,3,VIIRS_NOAA20_SP
18.70637,72.33656,353.01,0.57,0.69,2023-10-09,1958,N20,VIIRS,n,2,294.41,17.69,N,3,VIIRS_NOAA20_SP
18.72011,79.53551,306.57,0.39,0.44,2023-10-09,1958,N20,VIIRS,n,2,296.18,1.41,N,2,VIIRS_NOAA20_SP
18.72412,79.53615,307.65,0.39,0.44,2023-10-09,1958,N20,VIIRS,n,2,296.57,1.47,N,2,VIIRS_NOAA20_SP
18.73311,79.52995,312.06,0.39,0.44,2023-10-09,1958,N20,VIIRS,n,2,295.77,1.62,N,0,VIIRS_NOAA20_SP
18.73447,79.52947,313.42,0.39,0.44,2023-10-09,1958,N20,VIIRS,n,2,295.56,1.49,N,2,VIIRS_NOAA20_SP
18.80474,74.2596,302.28,0.43,0.62,2023-10-09,1958,N20,VIIRS,n,2,287.94,1.18,N,2,VIIRS_NOAA20_SP
18.80517,74.25548,306.44,0.43,0.62,2023-10-09,1958,N20,VIIRS,n,2,287.39,1.18,N,2,VIIRS_NOAA20_SP
19.02138,72.88653,305.59,0.53,0.67,2023-10-09,1958,N20,VIIRS,n,2,292.38,1.31,N,0,VIIRS_NOAA20_SP
19.09087,82.16348,310.0,0.43,0.38,2023-10-09,1958,N20,VIIRS,n,2,293.75,1.28,N,0,VIIRS_NOAA20_SP
19.09377,82.16813,334.76,0.43,0.38,2023-10-09,1958,N20,VIIRS,n,2,296.42,8.04,N,0,VIIRS_NOAA20_SP
19.10426,82.16978,306.35,0.43,0.38,2023-10-09,1958,N20,VIIRS,n,2,294.94,0.98,N,0,VIIRS_NOAA20_SP
19.72327,79.17437,307.65,0.42,0.45,2023-10-09,1958,N20,VIIRS,n,2,297.32,1.46,N,2,VIIRS_NOAA20_SP
19.78783,79.14558,310.45,0.42,0.45,2023-10-09,1958,N20,VIIRS,n,2,297.35,1.92,N,2,VIIRS_NOAA20_SP
13.39472,80.09995,303.49,0.47,0.4,2023-10-09,1959,N20,VIIRS,n,2,292.25,4.76,N,0,VIIRS_NOAA20_SP
14.58824,78.57873,306.91,0.39,0.44,2023-10-09,1959,N20,VIIRS,n,2,293.57,0.93,N,2,VIIRS_NOAA20_SP
14.6082,78.52184,308.93,0.4,0.44,2023-10-09,1959,N20,VIIRS,n,2,294.06,1.32,N,2,VIIRS_NOAA20_SP
15.02465,78.01224,306.82,0.43,0.46,2023-10-09,1959,N20,VIIRS,n,2,293.11,1.46,N,2,VIIRS_NOAA20_SP
15.06944,76.87382,315.74,0.51,0.5,2023-10-09,1959,N20,VIIRS,n,2,287.32,2.95,N,0,VIIRS_NOAA20_SP
15.13698,76.70835,305.71,0.53,0.5,2023-10-09,1959,N20,VIIRS,n,2,291.26,0.95,N,2,VIIRS_NOAA20_SP
15.15081,76.71021,308.27,0.53,0.5,2023-10-09,1959,N20,VIIRS,n,2,291.09,1.04,N,2,VIIRS_NOAA20_SP
15.17275,76.37475,308.47,0.56,0.51,2023-10-09,1959,N20,VIIRS,n,2,291.13,2.29,N,2,VIIRS_NOAA20_SP
15.17293,76.68309,309.14,0.53,0.5,2023-10-09,1959,N20,VIIRS,n,2,292.03,1.7,N,2,VIIRS_NOAA20_SP
15.17602,76.65832,305.59,0.53,0.5,2023-10-09,1959,N20,VIIRS,n,2,292.58,2.2,N,2,VIIRS_NOAA20_SP
15.17663,76.65337,311.69,0.53,0.5,2023-10-09,1959,N20,VIIRS,n,2,292.63,2.2,N,2,VIIRS_NOAA20_SP
15.17979,77.10123,302.96,0.5,0.49,2023-10-09,1959,N20,VIIRS,n,2,291.64,1.08,N,2,VIIRS_NOAA20_SP
15.18652,76.64957,304.8,0.53,0.5,2023-10-09,1959,N20,VIIRS,n,2,292.72,2.13,N,2,VIIRS_NOAA20_SP
15.19053,76.65512,306.01,0.53,0.5,2023-10-09,1959,N20,VIIRS,n,2,293.85,2.92,N,2,VIIRS_NOAA20_SP
15.33992,76.27618,301.61,0.57,0.52,2023-10-09,1959,N20,VIIRS,n,2,288.43,1.03,N,2,VIIRS_NOAA20_SP
33.14231,73.15591,313.94,0.33,0.55,2023-10-09,2134,N20,VIIRS,n,2,286.26,1.0,N,0,VIIRS_NOAA20_SP
33.14232,73.15602,308.65,0.33,0.55,2023-10-09,2134,N20,VIIRS,n,2,286.22,0.56,N,0,VIIRS_NOAA20_SP
33.14314,73.15266,297.89,0.32,0.55,2023-10-09,2134,N20,VIIRS,n,2,285.46,0.56,N,0,VIIRS_NOAA20_SP
33.55214,71.55103,299.07,0.52,0.5,2023-10-09,2134,N20,VIIRS,n,2,287.63,0.69,N,2,VIIRS_NOAA20_SP
33.80247,72.09995,302.52,0.55,0.51,2023-10-09,2134,N20,VIIRS,n,2,288.67,0.6,N,2,VIIRS_NOAA20_SP
28.45277,76.71257,301.63,0.68,0.74,2023-10-09,2135,N20,VIIRS,n,2,291.4,0.72,N,0,VIIRS_NOAA20_SP
29.45601,76.86796,299.55,0.65,0.73,2023-10-09,2135,N20,VIIRS,n,2,287.64,0.98,N,2,VIIRS_NOAA20_SP
29.90907,74.94768,306.55,0.49,0.65,2023-10-09,2135,N20,VIIRS,n,2,291.65,1.88,N,2,VIIRS_NOAA20_SP
29.91075,74.95017,309.03,0.49,0.65,2023-10-09,2135,N20,VIIRS,n,2,292.21,1.61,N,2,VIIRS_NOAA20_SP
31.1176,73.14828,301.64,0.36,0.58,2023-10-09,2135,N20,VIIRS,n,2,290.72,1.04,N,0,VIIRS_NOAA20_SP
32.29362,70.72897,303.14,0.5,0.49,2023-10-09,2135,N20,VIIRS,n,2,290.95,1.14,N,2,VIIRS_NOAA20_SP
32.72267,72.92345,300.05,0.32,0.55,2023-10-09,2135,N20,VIIRS,n,2,286.91,0.48,N,2,VIIRS_NOAA20_SP
32.72702,72.81744,302.19,0.32,0.54,2023-10-09,2135,N20,VIIRS,n,2,286.49,0.47,N,2,VIIRS_NOAA20_SP
32.8866,71.61738,304.11,0.54,0.51,2023-10-09,2135,N20,VIIRS,n,2,289.39,1.97,N,2,VIIRS_NOAA20_SP
28.05406,69.36743,338.78,0.51,0.49,2023-10-09,2136,N20,VIIRS,n,2,297.04,5.08,N,2,VIIRS_NOAA20_SP
28.45638,76.71381,301.56,0.68,0.74,2023-10-09,2136,N20,VIIRS,n,2,291.39,0.63,N,0,VIIRS_NOAA20_SP
29.2073,69.00274,301.93,0.46,0.47,2023-10-09,2136,N20,VIIRS,n,2,291.3,0.93,N,0,VIIRS_NOAA20_SP
29.20852,69.00555,306.84,0.46,0.47,2023-10-09,2136,N20,VIIRS,n,2,291.44,1.61,N,0,VIIRS_NOAA20_SP
29.21149,69.00407,310.36,0.46,0.47,2023-10-09,2136,N20,VIIRS,n,2,291.29,0.93,N,0,VIIRS_NOAA20_SP
29.21366,69.00236,301.91,0.46,0.47,2023-10-09,2136,N20,VIIRS,n,2,290.25,0.48,N,0,VIIRS_NOAA20_SP
29.64427,69.85017,327.5,0.5,0.49,2023-10-09,2136,N20,VIIRS,n,2,296.82,3.61,N,0,VIIRS_NOAA20_SP
29.64523,69.84571,312.89,0.5,0.49,2023-10-09,2136,N20,VIIRS,n,2,294.89,2.83,N,0,VIIRS_NOAA20_SP
29.9095,70.02144,302.2,0.51,0.49,2023-10-09,2136,N20,VIIRS,n,2,291.63,2.44,N,0,VIIRS_NOAA20_SP
29.91084,70.01533,323.48,0.51,0.49,2023-10-09,2136,N20,VIIRS,n,2,292.04,2.44,N,0,VIIRS_NOAA20_SP
22.92294,70.10435,328.4,0.36,0.57,2023-10-09,2137,N20,VIIRS,n,2,296.26,1.56,N,0,VIIRS_NOAA20_SP
22.92676,70.10787,308.37,0.36,0.57,2023-10-09,2137,N20,VIIRS,n,2,296.56,3.24,N,0,VIIRS_NOAA20_SP
22.92751,70.10445,318.33,0.36,0.57,2023-10-09,2137,N20,VIIRS,n,2,295.56,3.3,N,0,VIIRS_NOAA20_SP
22.92809,70.10566,312.73,0.36,0.57,2023-10-09,2137,N20,VIIRS,n,2,295.89,1.56,N,0,VIIRS_NOAA20_SP
22.93046,69.69862,307.1,0.34,0.56,2023-10-09,2137,N20,VIIRS,n,2,295.73,2.48,N,2,VIIRS_NOAA20_SP
22.93117,69.69541,350.54,0.34,0.56,2023-10-09,2137,N20,VIIRS,n,2,295.92,2.48,N,2,VIIRS_NOAA20_SP
22.9362,69.69666,307.07,0.34,0.56,2023-10-09,2137,N20,VIIRS,n,2,295.55,0.92,N,2,VIIRS_NOAA20_SP
23.10641,70.188,307.22,0.36,0.57,2023-10-09,2137,N20,VIIRS,n,2,296.54,0.85,N,2,VIIRS_NOAA20_SP
25.39915,68.56599,309.37,0.51,0.5,2023-10-09,2137,N20,VIIRS,n,2,297.53,0.81,N,2,VIIRS_NOAA20_SP
25.79642,68.69819,307.37,0.51,0.5,2023-10-09,2137,N20,VIIRS,n,2,297.31,1.03,N,2,VIIRS_NOAA20_SP
26.09194,68.88149,307.7,0.52,0.5,2023-10-09,2137,N20,VIIRS,n,2,297.29,1.72,N,2,VIIRS_NOAA20_SP
18.68979,73.83851,298.0,0.77,0.77,2023-10-09,2138,N20,VIIRS,n,2,287.73,3.28,N,0,VIIRS_NOAA20_SP
18.69144,73.04835,301.85,0.68,0.74,2023-10-09,2138,N20,VIIRS,n,2,291.34,1.7,N,2,VIIRS_NOAA20_SP
18.69162,73.83912,297.39,0.77,0.77,2023-10-09,2138,N20,VIIRS,n,2,287.34,2.69,N,0,VIIRS_NOAA20_SP
18.70073,72.34221,313.16,0.61,0.71,2023-10-09,2138,N20,VIIRS,n,2,293.97,6.36,N,3,VIIRS_NOAA20_SP
18.70086,72.34504,318.99,0.61,0.71,2023-10-09,2138,N20,VIIRS,n,2,294.07,4.04,N,3,VIIRS_NOAA20_SP
18.70219,72.3394,350.03,0.61,0.71,2023-10-09,2138,N20,VIIRS,n,2,293.87,4.04,N,3,VIIRS_NOAA20_SP
18.7071,72.34385,367.0,0.61,0.71,2023-10-09,2138,N20,VIIRS,h,2,294.49,6.36,N,3,VIIRS_NOAA20_SP
18.70724,72.34665,306.89,0.61,0.71,2023-10-09,2138,N20,VIIRS,n,2,294.13,4.04,N,3,VIIRS_NOAA20_SP
18.70839,72.3382,308.42,0.61,0.71,2023-10-09,2138,N20,VIIRS,n,2,294.52,6.85,N,3,VIIRS_NOAA20_SP
18.70857,72.34101,318.37,0.61,0.71,2023-10-09,2138,N20,VIIRS,n,2,294.21,4.04,N,3,VIIRS_NOAA20_SP
18.97184,71.62225,331.77,0.54,0.68,2023-10-09,2138,N20,VIIRS,n,2,295.97,3.15,N,3,VIIRS_NOAA20_SP
18.97311,71.62062,320.94,0.54,0.68,2023-10-09,2138,N20,VIIRS,n,2,295.64,2.97,N,3,VIIRS_NOAA20_SP
19.93605,73.7122,307.88,0.71,0.75,2023-10-09,2138,N20,VIIRS,n,2,286.76,1.87,N,2,VIIRS_NOAA20_SP
19.93816,73.71105,311.64,0.71,0.75,2023-10-09,2138,N20,VIIRS,n,2,286.58,2.13,N,2,VIIRS_NOAA20_SP
20.8353,70.69249,305.4,0.43,0.62,2023-10-09,2138,N20,VIIRS,n,2,294.93,1.07,N,2,VIIRS_NOAA20_SP
20.83748,70.69324,305.48,0.43,0.62,2023-10-09,2138,N20,VIIRS,n,2,294.73,1.06,N,2,VIIRS_NOAA20_SP
21.10279,72.63483,332.26,0.57,0.69,2023-10-09,2138,N20,VIIRS,n,2,295.46,4.85,N,2,VIIRS_NOAA20_SP
21.10646,72.64714,313.05,0.57,0.69,2023-10-09,2138,N20,VIIRS,n,2,295.7,5.07,N,2,VIIRS_NOAA20_SP
21.10771,72.64182,316.92,0.57,0.69,2023-10-09,2138,N20,VIIRS,n,2,295.01,5.35,N,2,VIIRS_NOAA20_SP
21.78675,72.12739,308.02,0.51,0.66,2023-10-09,2138,N20,VIIRS,n,2,295.32,1.48,N,0,VIIRS_NOAA20_SP
21.84995,72.05674,311.13,0.5,0.66,2023-10-09,2138,N20,VIIRS,n,2,294.25,1.19,N,0,VIIRS_NOAA20_SP
22.31299,69.86088,305.27,0.36,0.57,2023-10-09,2138,N20,VIIRS,n,2,295.07,0.74,N,0,VIIRS_NOAA20_SP
22.33445,69.86723,307.55,0.36,0.57,2023-10-09,2138,N20,VIIRS,n,2,297.53,1.88,N,0,VIIRS_NOAA20_SP
22.34033,69.86516,308.07,0.36,0.57,2023-10-09,2138,N20,VIIRS,n,2,296.42,1.47,N,0,VIIRS_NOAA20_SP
